year,world_pop_total,world_pop_growth_rate_annual,world_food_adequacy_index,world_famine_death_rate,world_disease_death_rate,world_war_death_rate,world_trade_intensity,world_urban_share_proxy,world_tech_capability_index_median,world_tech_capability_index_p90,world_state_capacity_index_median,world_state_capacity_index_p10,competition_fragmentation_index_median,idea_market_integration_index_median,credible_commitment_index_median,relative_factor_price_index_median,media_throughput_index_median,merchant_power_index_median,skilled_migration_in_rate_t,skilled_migration_out_rate_t,migration_rate_t,famine_exposure_share_t,habitable_cell_share_pop_gt_0,habitable_cell_share_pop_gt_small,pop_share_by_lat_band,pop_share_coastal_vs_inland,pop_share_river_proximal,market_access_p10,market_access_median,food_adequacy_p10,food_adequacy_median,travel_cost_index_median,country_pop_median,country_pop_p90,country_pop_top1_share,country_area_median,country_area_p90,country_area_top1_share,control_median,control_p10,founder_state_count,founder_state_share,median_state_age_years,p90_state_age_years,wars_active_count,city_pop_top1,city_pop_top10_sum_share,city_tail_index,famine_wave_count,epidemic_wave_count,major_war_count,civil_conflict_count,fragmentation_count,mass_migration_count,logistics_capability_index,storage_capability_index,health_capability_index,transport_cost_index,spoilage_kcal,storage_loss_kcal,available_kcal_before_losses,trade_volume_total,trade_volume_long,long_distance_trade_proxy,extraction_index
-5000,21067519.000000,0.000000,1.000000,0.000000,0.008467,0.000000,0.001351,0.024231,0.280096,0.280143,0.680173,0.621290,0.090829,0.184283,0.671797,0.001542,0.373783,0.036318,0.000003,0.000003,0.026817,0.000000,0.098124,0.089530,0.027347|0.385761|0.383608|0.102109|0.083367|0.017857,0.338338,0.305612,0.089846,0.111665,1.000000,1.000000,0.888335,258943.000000,304468.200000,0.021328,405.000000,1086.400000,0.024284,0.805100,0.659900,97,1.000000,0.000000,0.000000,0,0.000000,0.000000,0.000000,0,0,0.000000,0,0,0,0.236982,0.830101,0.737151,0.763019,144545.251756,201929.872932,1175583.931695,0.000000,0.000000,0.000000,337384.168779
-4950,28313137.000000,0.002982,0.972124,0.000878,0.008561,0.000000,0.001481,0.023584,0.286519,0.288865,0.872424,0.641085,0.097323,0.207333,0.885699,0.000989,0.420871,0.047966,0.000007,0.000007,0.027876,0.000000,0.136374,0.115592,0.024062|0.388229|0.388497|0.102091|0.079590|0.017857,0.269904,0.404639,0.103854,0.129617,0.917465,1.000000,0.870383,277831.500000,482676.100000,0.025762,498.500000,1091.900000,0.033433,0.978750,0.761700,91,0.892157,50.000000,50.000000,0,141.408173,0.000026,0.702083,45,0,0.000395,7,0,16,0.278354,0.587813,0.824478,0.721646,1142.992926,31047.148675,184949.280580,0.000000,0.000000,0.000000,21275525.643495
-4900,32587852.000000,0.002204,0.965751,0.001248,0.008463,0.000000,0.000000,0.023874,0.293709,0.298513,0.875359,0.663214,0.099537,0.209054,0.882877,0.000941,0.412782,0.049624,0.000010,0.000009,0.034249,0.000000,0.145698,0.115536,0.023179|0.389132|0.388925|0.101755|0.079317|0.017857,0.247899,0.442796,0.103042,0.131054,0.884288,1.000000,0.868946,240932.000000,586267.000000,0.027737,453.000000,1075.000000,0.034044,0.982800,0.826200,83,0.747748,100.000000,100.000000,0,2023.855957,0.000156,0.576987,48,0,0.000558,13,0,4,0.282354,0.588742,0.825930,0.717646,1005.581282,49429.233643,295548.433367,0.000000,0.000000,0.000000,52058281.147825
-4850,36723953.000000,0.002098,0.976077,0.000825,0.008308,0.000000,0.000620,0.024554,0.300664,0.308945,0.887513,0.614318,0.100444,0.210970,0.899569,0.000934,0.409691,0.052461,0.000012,0.000012,0.023923,0.000000,0.156201,0.115030,0.022273|0.389950|0.389108|0.102318|0.078621|0.017857,0.242805,0.466126,0.102228,0.137077,0.887939,1.000000,0.862923,230246.000000,678629.000000,0.037377,453.000000,1034.800000,0.032789,0.985500,0.786520,77,0.669565,150.000000,150.000000,0,2869.138916,0.000302,0.592055,48,0,0.000439,4,0,8,0.295297,0.595053,0.832088,0.704703,1377.536994,49339.610633,301208.533517,0.000000,0.000000,0.000000,83398366.861577
-4800,41300832.000000,0.002088,0.991367,0.000209,0.008331,0.000000,0.000000,0.024848,0.307647,0.319335,0.892788,0.503312,0.099888,0.213072,0.907273,0.000853,0.406277,0.055225,0.000014,0.000013,0.008633,0.000000,0.164457,0.108852,0.021485|0.392506|0.389152|0.103988|0.075127|0.017857,0.241221,0.484095,0.102331,0.139407,1.000000,1.000000,0.860593,223277.000000,742151.000000,0.042863,459.000000,1029.600000,0.031276,0.987700,0.761000,72,0.605042,200.000000,200.000000,0,3158.392090,0.000292,0.385580,54,0,0.000178,5,0,10,0.295690,0.601083,0.834675,0.704310,1937.157867,41393.624171,249155.426280,0.000000,0.000000,0.000000,115666506.478503
-4750,46473684.000000,0.002091,0.995949,0.000224,0.008442,0.000000,0.000808,0.025230,0.313997,0.330566,0.891649,0.566452,0.106399,0.218100,0.913149,0.000733,0.407060,0.057234,0.000016,0.000014,0.004051,0.000000,0.172433,0.098630,0.020918|0.392600|0.390069|0.104601|0.074046|0.017857,0.247814,0.491228,0.106834,0.149427,1.000000,1.000000,0.850573,249573.000000,836052.100000,0.046430,456.000000,1041.400000,0.030261,0.987700,0.750460,69,0.565574,250.000000,250.000000,0,5330.289551,0.000399,0.392608,43,0,0.000094,3,0,13,0.304486,0.611634,0.838184,0.695514,2336.996936,33934.160928,203822.569980,0.000000,0.000000,0.000000,151519407.888061
-4700,52218977.000000,0.002083,0.991588,0.000380,0.008432,0.000000,0.000770,0.025612,0.322916,0.341777,0.890508,0.583522,0.108143,0.218303,0.906762,0.000718,0.407296,0.057274,0.000017,0.000014,0.008412,0.691404,0.177657,0.091384,0.020337|0.392702|0.391291|0.105959|0.071920|0.017857,0.255204,0.495501,0.107409,0.148353,0.996786,1.000000,0.851647,262862.000000,955575.400000,0.048915,459.000000,1030.600000,0.029611,0.988600,0.719720,69,0.560976,300.000000,300.000000,0,7384.381836,0.000430,0.391549,65,0,0.000220,1,0,10,0.306086,0.604508,0.838407,0.693914,2015.361295,45943.071525,279025.959160,0.000000,0.000000,0.000000,190073885.034011
-4650,58637645.000000,0.002080,0.988975,0.000320,0.008271,0.000000,0.000819,0.025876,0.329800,0.354433,0.889278,0.535777,0.109186,0.216798,0.905160,0.000696,0.406251,0.057404,0.000018,0.000015,0.011025,0.690553,0.183498,0.088182,0.019876|0.391499|0.391102|0.107591|0.072141|0.017857,0.260662,0.499558,0.109804,0.149173,0.962454,1.000000,0.850827,300178.000000,1099428.600000,0.050687,485.000000,1053.400000,0.030948,0.988100,0.726000,69,0.560976,350.000000,350.000000,0,8159.738770,0.000426,0.388890,67,0,0.000323,0,0,12,0.303362,0.606902,0.837249,0.696638,2235.089729,44277.030408,268280.710394,0.000000,0.000000,0.000000,231768487.798775
-4600,65219406.000000,0.002032,0.993491,0.000306,0.008231,0.000000,0.000000,0.026267,0.336522,0.365243,0.888353,0.499245,0.112615,0.213861,0.891977,0.000660,0.404300,0.056628,0.000019,0.000016,0.006509,0.830780,0.188778,0.088295,0.019625|0.386176|0.393998|0.109920|0.072488|0.017857,0.264205,0.508923,0.113108,0.146583,0.998276,1.000000,0.853417,314933.000000,1267334.400000,0.053347,485.000000,1063.600000,0.029961,0.987900,0.721440,68,0.535433,400.000000,400.000000,0,9415.167969,0.000461,0.331662,90,1,0.000212,4,0,21,0.306426,0.612430,0.837462,0.693574,3469.953897,39039.223033,229621.765209,0.000000,0.000000,0.000000,279036145.627361
-4550,72369623.000000,0.002021,0.998134,0.000174,0.008337,0.000700,0.000943,0.026726,0.344728,0.377049,0.888424,0.499254,0.109667,0.216026,0.906723,0.000618,0.405405,0.057519,0.000019,0.000016,0.001866,0.826692,0.194451,0.088239,0.019420|0.381736|0.396960|0.111283|0.072797|0.017857,0.262555,0.517110,0.113506,0.149864,1.000000,1.000000,0.850136,359932.000000,1334541.200000,0.054897,489.000000,1066.800000,0.029396,0.988200,0.688200,68,0.535433,450.000000,450.000000,2,9296.056641,0.000435,0.396951,95,1,0.000068,1,0,19,0.307848,0.636275,0.838785,0.692152,5623.557902,38801.557667,228784.680681,0.000000,0.000000,0.000000,329684738.277405
-4500,79910893.000000,0.001996,0.998573,0.000034,0.008410,0.000000,0.001018,0.027134,0.348154,0.387743,0.886905,0.561869,0.138392,0.214651,0.899697,0.000600,0.405895,0.058488,0.000019,0.000017,0.001427,0.825558,0.197765,0.088239,0.019272|0.377193|0.400560|0.113935|0.071221|0.017857,0.265696,0.522529,0.116422,0.150778,1.000000,1.000000,0.849222,389110.000000,1399151.800000,0.056412,491.000000,1069.200000,0.028817,0.986200,0.738380,68,0.527132,500.000000,500.000000,0,8966.107422,0.000411,0.439563,103,0,0.000057,2,0,10,0.307745,0.635754,0.838648,0.692255,5887.923965,32670.875337,183293.175393,0.000000,0.000000,0.000000,383431524.649789
-4450,88096783.000000,0.001952,0.997077,0.000115,0.008317,0.000000,0.000905,0.027684,0.355646,0.401281,0.885714,0.533108,0.139251,0.215226,0.890058,0.000622,0.404827,0.057765,0.000019,0.000016,0.002923,0.822569,0.201359,0.089980,0.019181|0.369845|0.406289|0.116596|0.070304|0.017857,0.268955,0.528494,0.115299,0.153192,1.000000,1.000000,0.846808,402645.000000,1570729.000000,0.055743,493.000000,1073.000000,0.027808,0.985300,0.715000,68,0.519084,550.000000,550.000000,0,9031.603516,0.000386,0.475614,121,0,0.000129,3,0,27,0.310651,0.624517,0.837913,0.689349,4399.469008,30606.715136,163632.222150,0.000000,0.000000,0.000000,462759034.856939
-4400,96914080.000000,0.001910,0.993847,0.000210,0.008215,0.000000,0.001013,0.028317,0.362522,0.411819,0.882751,0.528960,0.132383,0.215596,0.890672,0.000563,0.405046,0.057841,0.000020,0.000017,0.006153,0.819173,0.203606,0.090373,0.019068|0.361704|0.414251|0.119265|0.068033|0.017857,0.268115,0.540792,0.119542,0.155944,0.992461,1.000000,0.844056,477964.000000,1763593.800000,0.056391,490.000000,1107.800000,0.027450,0.984250,0.744930,67,0.507576,600.000000,600.000000,0,9228.181641,0.000379,0.573019,124,0,0.000298,1,0,20,0.314731,0.610375,0.837556,0.685269,2581.326684,32041.702384,169901.280378,0.000000,0.000000,0.000000,519860043.767573
-4350,105371516.000000,0.001675,0.982433,0.000914,0.008309,0.000000,0.000000,0.029073,0.367904,0.423926,0.876372,0.512731,0.139043,0.212884,0.883659,0.000538,0.404396,0.057943,0.000021,0.000017,0.017567,0.813263,0.206302,0.091552,0.019046|0.343810|0.427946|0.123617|0.067791|0.017857,0.263539,0.551724,0.119380,0.160754,0.930637,1.000000,0.839246,508149.500000,1887593.100000,0.048906,479.000000,1129.700000,0.027132,0.983550,0.757120,66,0.492537,622.500000,650.000000,0,9973.287109,0.000388,0.461613,142,0,0.000926,2,0,34,0.318880,0.602901,0.838968,0.681120,1874.036102,35943.075314,200353.936919,0.000000,0.000000,0.000000,579875188.201158
-4300,114718100.000000,0.001701,0.986671,0.000417,0.008439,0.000000,0.000746,0.029830,0.375710,0.438484,0.873630,0.543774,0.139259,0.217152,0.878872,0.000521,0.402023,0.058889,0.000021,0.000018,0.013329,0.844381,0.208324,0.092732,0.018996|0.326520|0.441016|0.127979|0.067740|0.017857,0.261675,0.558522,0.119416,0.160619,0.949402,1.000000,0.839381,569126.500000,2170518.200000,0.040962,487.000000,1137.400000,0.026753,0.980650,0.727090,66,0.492537,672.500000,700.000000,0,10812.662109,0.000382,0.537929,141,0,0.000765,0,0,25,0.320034,0.605785,0.834637,0.679966,2858.340102,38849.866519,217724.783196,0.000000,0.000000,0.000000,640460321.308463
-4250,124672667.000000,0.001666,0.981306,0.000732,0.008418,0.000000,0.000817,0.030888,0.384993,0.452083,0.864027,0.500762,0.139856,0.213106,0.869106,0.000538,0.403347,0.058992,0.000021,0.000019,0.018694,0.842697,0.210458,0.092002,0.018905|0.308734|0.454681|0.133242|0.066717|0.017857,0.259526,0.568458,0.121042,0.161948,0.913791,1.000000,0.838051,639059.000000,2355864.600000,0.048727,487.000000,1137.400000,0.026589,0.975600,0.710580,65,0.485075,715.000000,750.000000,0,13589.295898,0.000392,0.619246,158,0,0.001165,0,0,30,0.320315,0.608056,0.835430,0.679685,3475.579058,41486.552799,230817.868824,0.000000,0.000000,0.000000,703975348.953791
-4200,134944651.000000,0.001585,0.983713,0.000490,0.008288,0.000000,0.000811,0.032189,0.393747,0.464455,0.851479,0.500272,0.143450,0.215072,0.837825,0.000540,0.404628,0.061089,0.000022,0.000019,0.016287,0.838177,0.212817,0.093181,0.018882|0.290597|0.469849|0.138809|0.064195|0.017857,0.261308,0.574903,0.122250,0.165525,0.921942,1.000000,0.834475,610734.500000,2502618.500000,0.047815,487.000000,1135.000000,0.026158,0.969050,0.695750,62,0.455882,735.000000,800.000000,0,16494.316406,0.000415,0.497154,161,0,0.001099,2,0,37,0.323067,0.600333,0.831462,0.676933,2562.894650,39827.202925,223884.368063,0.000000,0.000000,0.000000,815109640.593464
-4150,146813568.000000,0.001687,0.956344,0.001503,0.008300,0.000000,0.001753,0.033511,0.402774,0.478421,0.818677,0.487250,0.140345,0.216626,0.791704,0.000529,0.400703,0.063664,0.000024,0.000020,0.043656,0.833180,0.217592,0.096776,0.018831|0.272561|0.483971|0.144194|0.062960|0.017857,0.263005,0.581033,0.124915,0.169499,0.840001,1.000000,0.830501,551899.000000,2664483.000000,0.052012,457.000000,1141.000000,0.025562,0.963700,0.703900,58,0.411348,760.000000,850.000000,0,18758.005859,0.000413,0.658036,168,1,0.003205,5,0,33,0.324715,0.596461,0.821496,0.675285,1406.448785,33299.854596,180751.140934,0.000000,0.000000,0.000000,891059843.695963
-4100,159435305.000000,0.001651,0.934425,0.001946,0.008472,0.000000,0.001150,0.034998,0.409056,0.490919,0.833042,0.495616,0.145976,0.218013,0.813199,0.000517,0.401516,0.062550,0.000023,0.000019,0.065575,0.827645,0.220175,0.101269,0.018753|0.253823|0.501033|0.150107|0.058904|0.017857,0.258820,0.595326,0.127873,0.173928,0.823044,0.965599,0.826072,630322.000000,2844656.600000,0.059138,432.000000,1151.600000,0.025015,0.962300,0.721340,54,0.377622,800.000000,900.000000,0,20193.736328,0.000416,0.732419,203,0,0.005227,2,0,47,0.327843,0.590867,0.822304,0.672157,629.560076,33865.658571,186294.582994,0.000000,0.000000,0.000000,970550833.319259
-4050,174390682.000000,0.001795,0.923518,0.001873,0.008498,0.001400,0.001012,0.036614,0.414766,0.502373,0.832170,0.473870,0.152020,0.215900,0.801103,0.000470,0.402593,0.062955,0.000023,0.000020,0.076482,0.870088,0.221804,0.102337,0.018680|0.234887|0.514841|0.155560|0.058747|0.017857,0.262706,0.596380,0.127849,0.172970,0.804917,0.957234,0.827030,681495.000000,3514395.200000,0.058029,432.000000,1153.000000,0.024950,0.972700,0.716380,53,0.370629,840.000000,950.000000,4,22724.863281,0.000425,0.801022,179,0,0.006669,1,0,49,0.326057,0.590760,0.817828,0.673943,755.162743,37050.764359,201647.521205,0.000000,0.000000,0.000000,1038294557.818898
-4000,192854244.000000,0.002015,0.947570,0.001374,0.008377,0.000000,0.000000,0.038260,0.423256,0.516956,0.797686,0.475553,0.153185,0.220636,0.765147,0.000469,0.401158,0.066197,0.000022,0.000019,0.052430,0.863638,0.222759,0.103123,0.018585|0.222764|0.524153|0.159376|0.058002|0.017857,0.264164,0.600358,0.130442,0.176962,0.818961,1.000000,0.823037,692799.500000,3586151.200000,0.063722,432.000000,1151.100000,0.024866,0.970850,0.721440,52,0.361111,890.000000,1000.000000,0,25822.564453,0.000421,0.778439,179,1,0.005056,2,0,36,0.330533,0.593563,0.817081,0.669467,3569.703126,42933.923450,244331.547483,0.000000,0.000000,0.000000,1312916888.486037
-3950,212456154.000000,0.001938,0.970093,0.000657,0.008327,0.000000,0.001348,0.040947,0.427992,0.530481,0.765014,0.474689,0.142917,0.221971,0.697595,0.000474,0.401267,0.068375,0.000022,0.000019,0.029907,0.844044,0.224219,0.103741,0.018517|0.209542|0.535588|0.163741|0.055587|0.017857,0.268452,0.605800,0.133254,0.179136,0.894653,1.000000,0.820864,693912.500000,4040779.000000,0.064086,442.500000,1145.000000,0.024690,0.966050,0.713400,50,0.342466,905.000000,1050.000000,0,30883.451172,0.000453,0.841741,197,0,0.003177,2,0,37,0.336802,0.594307,0.807742,0.663198,7713.556424,50367.885110,291978.604212,0.000000,0.000000,0.000000,1386315302.715281
-3900,232654123.000000,0.001818,0.969227,0.000674,0.008474,0.000700,0.001210,0.043614,0.433432,0.547058,0.770690,0.490341,0.154083,0.220892,0.728449,0.000471,0.399476,0.069506,0.000023,0.000019,0.030773,0.838660,0.225399,0.104415,0.018445|0.192692|0.551585|0.168570|0.051776|0.017857,0.273697,0.612046,0.134857,0.182590,0.884727,1.000000,0.817410,647690.000000,4487541.500000,0.063316,436.000000,1161.900000,0.024430,0.962000,0.723050,48,0.324324,927.500000,1100.000000,2,34741.007812,0.000473,0.830041,236,0,0.003580,2,0,42,0.338477,0.594248,0.809505,0.661523,7142.021372,54412.592648,312643.591717,0.000000,0.000000,0.000000,1476247494.737131
-3850,256608663.000000,0.001962,0.965206,0.000663,0.008564,0.000000,0.001469,0.046755,0.441836,0.561047,0.757593,0.468266,0.150184,0.221507,0.726707,0.000480,0.399642,0.070200,0.000023,0.000020,0.034794,0.837541,0.226129,0.105650,0.018379|0.178481|0.563102|0.172971|0.050159|0.017857,0.276456,0.616862,0.137393,0.182461,0.871674,1.000000,0.817539,681774.000000,4883745.200000,0.066762,432.000000,1143.800000,0.024232,0.962900,0.711240,46,0.308725,950.000000,1150.000000,0,40852.445312,0.000504,0.865017,203,0,0.004464,1,0,45,0.336628,0.594545,0.804814,0.663372,7256.583149,56533.627964,335051.787807,0.000000,0.000000,0.000000,1552207630.866827
-3800,284028517.000000,0.002033,0.973851,0.000388,0.008506,0.000000,0.000900,0.050358,0.451850,0.578697,0.769627,0.463752,0.151619,0.220749,0.706730,0.000474,0.400994,0.070874,0.000023,0.000020,0.026149,0.828064,0.227365,0.108796,0.018326|0.166248|0.574886|0.176560|0.046485|0.017857,0.280931,0.620528,0.139725,0.185981,0.891691,1.000000,0.814018,708764.500000,5272662.400000,0.069880,455.000000,1149.400000,0.024053,0.963650,0.686300,46,0.310811,1000.000000,1200.000000,0,51770.757812,0.000548,0.799808,207,0,0.003714,0,0,45,0.340272,0.597799,0.801213,0.659728,9966.544201,64189.405381,385697.563837,0.000000,0.000000,0.000000,1612857637.099923
-3750,314258975.000000,0.002025,0.977374,0.000396,0.008400,0.000000,0.000763,0.054874,0.458454,0.596199,0.754666,0.487857,0.150849,0.226002,0.689249,0.000475,0.399758,0.073464,0.000023,0.000020,0.022626,0.825716,0.228544,0.111099,0.018283|0.153513|0.587216|0.180287|0.043146|0.017857,0.283814,0.627498,0.141880,0.186813,0.905289,1.000000,0.813187,727841.000000,6032998.200000,0.074749,457.000000,1169.200000,0.023833,0.961800,0.706100,45,0.302013,1045.000000,1250.000000,0,60628.289062,0.000565,0.794379,213,0,0.003555,2,0,52,0.344046,0.599066,0.806008,0.655954,15906.412212,74372.304427,457460.659731,0.000000,0.000000,0.000000,1885764983.251901
-3700,348502520.000000,0.002071,0.994166,0.000050,0.008471,0.000000,0.001948,0.060067,0.467834,0.613816,0.755013,0.513523,0.180528,0.224436,0.699524,0.000518,0.398660,0.075826,0.000024,0.000020,0.005834,0.814890,0.230959,0.113008,0.018250|0.141533|0.596784|0.184281|0.041508|0.017857,0.285910,0.631985,0.142223,0.189207,0.990641,1.000000,0.810793,705119.000000,6797508.000000,0.074968,468.000000,1178.000000,0.023475,0.950800,0.709300,45,0.298013,1095.000000,1300.000000,0,59575.570312,0.000520,0.692397,226,0,0.001017,2,0,60,0.345388,0.610582,0.803544,0.654613,26171.223098,87554.484697,552079.750011,0.000000,0.000000,0.000000,1963220706.820079
-3650,385543419.000000,0.002022,0.991059,0.000136,0.008645,0.000000,0.001096,0.066445,0.471488,0.628445,0.746711,0.481698,0.156799,0.223689,0.685024,0.000545,0.395241,0.076856,0.000024,0.000020,0.008941,0.812897,0.235116,0.116828,0.018214|0.129633|0.606477|0.188667|0.039327|0.017857,0.289087,0.637078,0.142352,0.190838,0.963480,1.000000,0.809162,700227.500000,7872896.700000,0.078517,462.500000,1177.700000,0.026930,0.961100,0.708120,42,0.276316,970.000000,1350.000000,0,69151.890625,0.000547,0.699252,239,0,0.001723,1,0,54,0.345958,0.605473,0.801115,0.654042,26730.569325,92408.865311,588871.816454,0.000000,0.000000,0.000000,2082621042.590557
-3600,427575050.000000,0.002072,0.992326,0.000084,0.008643,0.000000,0.001317,0.073480,0.476039,0.644309,0.725656,0.501880,0.154044,0.223239,0.652669,0.000570,0.394414,0.082704,0.000024,0.000021,0.007674,0.809581,0.240171,0.121714,0.018176|0.119554|0.614892|0.192847|0.036827|0.017857,0.290907,0.641661,0.141809,0.193557,0.975096,1.000000,0.806443,715044.000000,8780465.000000,0.078928,462.000000,1182.200000,0.026417,0.954100,0.708480,42,0.270968,1015.000000,1400.000000,0,83161.015625,0.000573,0.645266,203,0,0.001641,3,0,57,0.347668,0.597621,0.791651,0.652332,18340.557926,94490.808842,596710.990235,0.000000,0.000000,0.000000,2334323917.341861
-3550,476483550.000000,0.002168,0.988117,0.000121,0.008540,0.000000,0.001523,0.079825,0.479390,0.663139,0.737359,0.498209,0.155087,0.222882,0.669849,0.000556,0.394867,0.079585,0.000024,0.000021,0.011883,0.807410,0.242361,0.122894,0.018144|0.111722|0.620457|0.196178|0.035772|0.017857,0.289739,0.647224,0.143857,0.195345,0.946020,1.000000,0.804655,703514.000000,9496271.700000,0.082162,455.000000,1152.100000,0.026225,0.948450,0.726100,42,0.265823,1055.000000,1450.000000,0,101773.367188,0.000534,0.704554,214,1,0.002831,4,0,52,0.349897,0.597402,0.794727,0.650103,13701.447007,99117.661496,625867.466452,0.000000,0.000000,0.000000,2651504414.400526
-3500,529997112.000000,0.002131,0.975428,0.000276,0.008561,0.000000,0.000954,0.087627,0.484947,0.680162,0.744835,0.513100,0.188559,0.225219,0.673818,0.000538,0.394583,0.081846,0.000024,0.000022,0.024572,0.803594,0.244552,0.125590,0.018114|0.101907|0.627591|0.200030|0.034617|0.017857,0.288277,0.653914,0.146390,0.198496,0.900461,1.000000,0.801504,738719.000000,10313415.600000,0.082901,432.000000,1148.400000,0.026096,0.956100,0.724720,40,0.251572,1045.000000,1500.000000,0,881271.500000,0.002281,0.503509,257,0,0.006511,1,0,53,0.356133,0.596052,0.801153,0.643867,13554.184072,108285.573630,683272.912309,0.000000,0.000000,0.000000,2724263615.424101
-3450,590772039.000000,0.002174,0.986510,0.000135,0.008711,0.000000,0.000750,0.094645,0.490230,0.698937,0.753479,0.523527,0.213353,0.224926,0.703945,0.000521,0.396467,0.082853,0.000024,0.000021,0.013490,0.801644,0.246967,0.128061,0.018087|0.093425|0.633759|0.203499|0.033476|0.017857,0.287029,0.660382,0.145185,0.200114,0.943093,1.000000,0.799886,729393.000000,11148031.300000,0.082705,446.500000,1138.300000,0.025538,0.962250,0.737990,39,0.240741,1020.000000,1550.000000,0,997763.250000,0.002635,0.460442,244,0,0.003985,3,0,50,0.357348,0.596907,0.805723,0.642652,16157.503920,121839.255083,773296.809245,0.000000,0.000000,0.000000,2812384220.494788
-3400,655026852.000000,0.002067,0.979966,0.000302,0.008831,0.000000,0.000000,0.104410,0.494840,0.718441,0.747953,0.509202,0.231520,0.227038,0.663385,0.000511,0.397092,0.086984,0.000024,0.000022,0.020034,0.799990,0.250225,0.131656,0.018068|0.086511|0.638443|0.207731|0.031486|0.017857,0.288798,0.664144,0.146672,0.201489,0.923030,1.000000,0.798511,717457.000000,13237620.000000,0.083096,436.000000,1199.600000,0.025074,0.966100,0.756540,39,0.239264,1070.000000,1600.000000,0,1122929.000000,0.002846,0.436220,249,0,0.006561,1,0,68,0.358045,0.595273,0.806145,0.641955,19401.259119,133821.491412,861807.456861,0.000000,0.000000,0.000000,2906658891.098764
-3350,722862881.000000,0.001973,0.966828,0.000541,0.008775,0.000000,0.001168,0.115651,0.504374,0.735738,0.736766,0.520858,0.200988,0.227265,0.652702,0.000486,0.394121,0.090678,0.000025,0.000023,0.033172,0.796975,0.251629,0.132835,0.018045|0.079219|0.641933|0.212408|0.030622|0.017857,0.291934,0.664331,0.148835,0.204002,0.862498,1.000000,0.795999,689121.500000,14274050.500000,0.084588,465.000000,1159.500000,0.024698,0.954150,0.736900,37,0.222892,950.000000,1650.000000,0,1246366.750000,0.003189,0.428058,256,0,0.011989,3,0,67,0.358337,0.589655,0.797782,0.641663,12966.317932,136237.220580,885303.617624,0.000000,0.000000,0.000000,3012667949.439645
-3300,800041879.000000,0.002031,0.954046,0.000573,0.008725,0.000000,0.001396,0.128237,0.506142,0.752868,0.722056,0.541062,0.226087,0.224824,0.638275,0.000419,0.392483,0.092388,0.000025,0.000022,0.045954,0.793797,0.253033,0.135644,0.018027|0.074175|0.643842|0.216823|0.029365|0.017857,0.295657,0.664414,0.150462,0.206660,0.859896,0.980835,0.793339,697942.500000,15489940.800000,0.084471,469.000000,1117.200000,0.024421,0.945650,0.736150,36,0.214286,945.000000,1700.000000,0,1329703.500000,0.003458,0.351077,251,0,0.018383,3,0,61,0.361080,0.579322,0.796351,0.638920,4666.460530,139427.807365,895539.326038,0.000000,0.000000,0.000000,3315305962.359641
-3250,880818793.000000,0.001926,0.920135,0.001269,0.008833,0.000000,0.001126,0.135912,0.513131,0.769535,0.739250,0.512312,0.199999,0.228030,0.654266,0.000448,0.396910,0.093848,0.000026,0.000023,0.079865,0.791359,0.255224,0.137216,0.018011|0.070842|0.643992|0.220765|0.028622|0.017857,0.295219,0.667222,0.153661,0.208708,0.794655,0.930692,0.791292,702282.000000,16971263.800000,0.089714,470.000000,1113.800000,0.021270,0.947800,0.733680,35,0.207101,940.000000,1750.000000,0,1420331.250000,0.003219,0.360950,256,0,0.035173,1,0,72,0.358953,0.581251,0.801851,0.641047,4274.330131,149475.338721,959892.280533,0.000000,0.000000,0.000000,3413830171.828267
-3200,964838830.000000,0.001824,0.920330,0.001491,0.008993,0.000000,0.000890,0.142716,0.518374,0.789581,0.727987,0.530386,0.223537,0.228819,0.640377,0.000463,0.395140,0.097387,0.000027,0.000024,0.079670,0.788480,0.257526,0.138508,0.017998|0.067131|0.646770|0.222183|0.028169|0.017857,0.295528,0.669250,0.154233,0.211133,0.805894,0.939936,0.788867,744918.000000,19110013.200000,0.090827,470.000000,1113.800000,0.021162,0.948600,0.736360,34,0.201183,970.000000,1800.000000,0,1524653.750000,0.003376,0.366655,262,0,0.038434,0,0,70,0.363357,0.577231,0.797197,0.636643,7208.210872,163908.620875,1059972.800757,0.000000,0.000000,0.000000,3499023611.987502
-3150,1047751666.000000,0.001650,0.945356,0.001275,0.008985,0.000000,0.000000,0.149910,0.527459,0.809050,0.717319,0.488295,0.195758,0.231320,0.632952,0.000404,0.393236,0.103707,0.000027,0.000024,0.054644,0.785304,0.258874,0.140980,0.017991|0.064394|0.649075|0.223189|0.027655|0.017857,0.296617,0.669918,0.156059,0.213819,0.841103,0.990360,0.786181,724844.500000,21432387.000000,0.091901,469.000000,1140.500000,0.020978,0.950300,0.765070,32,0.186047,985.000000,1850.000000,0,1596568.375000,0.003561,0.402494,264,0,0.028627,4,0,71,0.369789,0.577676,0.797332,0.630211,16614.046374,186025.468575,1215236.174838,0.000000,0.000000,0.000000,3598250580.690752
-3100,1117100877.000000,0.001283,0.939520,0.001473,0.008865,0.000000,0.000000,0.153639,0.535327,0.824874,0.705885,0.505629,0.236019,0.230731,0.615712,0.000447,0.390358,0.105397,0.000027,0.000024,0.060480,0.782828,0.261177,0.142833,0.017982|0.060676|0.651051|0.225762|0.026926|0.017857,0.300278,0.667925,0.153960,0.215921,0.821417,0.991007,0.784080,716664.500000,22432562.200000,0.096265,469.000000,1166.900000,0.020750,0.951800,0.762330,31,0.178161,925.000000,1900.000000,0,1665210.625000,0.003354,0.435996,338,0,0.033781,2,0,86,0.371791,0.580007,0.793769,0.628209,27938.109428,204749.559482,1350665.286585,0.000000,0.000000,0.000000,3785876275.055849
-3050,1175537203.000000,0.001020,0.953725,0.001541,0.008866,0.000000,0.000000,0.153028,0.534975,0.844485,0.706288,0.492133,0.230664,0.230682,0.605887,0.000443,0.388661,0.104275,0.000029,0.000027,0.046275,0.780089,0.264940,0.145417,0.017972|0.058455|0.648122|0.231137|0.026800|0.017857,0.305186,0.664598,0.153862,0.218253,0.857652,1.000000,0.781747,717215.000000,24296873.000000,0.097939,485.000000,1163.200000,0.020371,0.943500,0.757740,29,0.165714,875.000000,1950.000000,0,1740073.000000,0.003157,0.429669,313,0,0.027199,1,0,92,0.370022,0.578998,0.788977,0.629978,27509.566201,211496.363985,1393206.874399,0.000000,0.000000,0.000000,3900861674.109825
-3000,1249402331.000000,0.001220,0.934808,0.001469,0.009025,0.000000,0.001671,0.157310,0.543618,0.865411,0.703453,0.514730,0.225560,0.229780,0.613430,0.000407,0.391667,0.104967,0.000029,0.000027,0.065192,0.818253,0.266288,0.147439,0.017966|0.056984|0.644258|0.236621|0.026722|0.017857,0.306325,0.663934,0.155049,0.217116,0.835303,0.961506,0.782884,754711.000000,25062012.200000,0.099104,487.000000,1196.900000,0.020255,0.933500,0.742690,28,0.160920,890.000000,2000.000000,0,1826826.375000,0.003249,0.380513,322,0,0.040726,0,0,69,0.371837,0.580891,0.787311,0.628163,23790.954759,220277.743052,1454455.728066,0.000000,0.000000,0.000000,4000490998.693161
-2950,1340534545.000000,0.001409,0.952334,0.001199,0.009082,0.000700,0.001880,0.161652,0.544896,0.885524,0.707154,0.518253,0.233244,0.230712,0.606855,0.000388,0.392511,0.106685,0.000030,0.000027,0.047666,0.814477,0.267973,0.149292,0.017959|0.054543|0.643233|0.240468|0.026372|0.017857,0.298454,0.673377,0.153543,0.220192,0.865804,0.983213,0.779808,726068.000000,25202794.000000,0.099087,485.000000,1194.200000,0.020114,0.931700,0.748160,28,0.160000,920.000000,2050.000000,2,1877879.000000,0.003294,0.361440,317,0,0.031949,2,0,87,0.374451,0.579822,0.792845,0.625549,39638.388680,248913.519043,1656499.579383,0.000000,0.000000,0.000000,4284147217.250168
-2900,1424687182.000000,0.001218,0.963297,0.001044,0.008977,0.001400,0.001174,0.166393,0.554056,0.904219,0.690651,0.525282,0.239056,0.235005,0.605753,0.000394,0.390778,0.107486,0.000030,0.000028,0.036703,0.811630,0.271007,0.152157,0.017956|0.052424|0.640979|0.245433|0.025846|0.017857,0.297911,0.675641,0.158616,0.220715,0.875406,1.000000,0.779285,742624.000000,26004152.200000,0.102570,485.000000,1206.800000,0.019873,0.932300,0.740560,28,0.160000,805.000000,2100.000000,4,1940920.625000,0.003043,0.399165,325,0,0.026145,0,0,85,0.378088,0.586791,0.789105,0.621912,68496.736154,282696.511545,1919725.661795,0.000000,0.000000,0.000000,4394266576.081266
-2850,1515172770.000000,0.001232,0.988406,0.000452,0.008925,0.000000,0.001212,0.170832,0.553402,0.920168,0.692686,0.535092,0.238733,0.237040,0.618248,0.000387,0.387823,0.109422,0.000031,0.000029,0.011594,0.793398,0.275668,0.157043,0.017952|0.050436|0.639619|0.249295|0.025412|0.017857,0.294742,0.680136,0.154489,0.224918,0.965233,1.000000,0.775082,722800.000000,26298353.600000,0.104639,489.000000,1183.400000,0.020090,0.928500,0.750620,28,0.156425,795.000000,2150.000000,0,2011570.000000,0.003098,0.376857,306,1,0.008784,4,0,96,0.379148,0.600491,0.781754,0.620853,80581.931576,312419.817152,2132402.162611,0.000000,0.000000,0.000000,4789672801.146415
-2800,1614352905.000000,0.001269,0.984497,0.000434,0.009051,0.000700,0.001242,0.175549,0.559147,0.937153,0.696326,0.525348,0.240677,0.234698,0.610785,0.000367,0.389560,0.107450,0.000032,0.000029,0.015503,0.786992,0.278645,0.158560,0.017946|0.048961|0.636105|0.254594|0.025189|0.017857,0.289783,0.686368,0.154464,0.227821,0.942406,1.000000,0.772179,699972.500000,27719557.700000,0.105841,496.000000,1205.300000,0.020376,0.936000,0.742670,27,0.150000,820.000000,2200.000000,2,2042886.625000,0.003052,0.349719,334,0,0.012514,1,0,75,0.381533,0.596322,0.787921,0.618467,83485.950144,337463.755542,2286640.680513,0.000000,0.000000,0.000000,4923861444.004683
-2750,1726639509.000000,0.001346,0.976153,0.000552,0.009188,0.000700,0.001398,0.182251,0.560251,0.955124,0.696707,0.545074,0.239905,0.232658,0.598779,0.000342,0.389339,0.107202,0.000035,0.000029,0.023847,0.783869,0.281004,0.159009,0.017942|0.046657|0.633676|0.259869|0.024748|0.017857,0.292026,0.685772,0.156036,0.230467,0.903070,1.000000,0.769533,678011.500000,28437317.500000,0.108880,496.000000,1209.600000,0.020809,0.929150,0.748230,27,0.150000,842.500000,2250.000000,2,2097822.500000,0.004902,0.330775,361,0,0.020587,0,0,110,0.386204,0.591235,0.787461,0.613796,50506.606940,327355.498823,2219099.696341,0.000000,0.000000,0.000000,5046437058.797278
-2700,1846522163.000000,0.001343,0.972762,0.000634,0.009139,0.000000,0.002261,0.187991,0.567467,0.973187,0.692276,0.526541,0.240535,0.232829,0.596384,0.000328,0.389135,0.107688,0.000037,0.000031,0.027238,0.780131,0.283251,0.160020,0.017938|0.045369|0.631068|0.264091|0.024487|0.017857,0.298705,0.680415,0.162365,0.233645,0.905255,1.000000,0.766355,667207.000000,28935760.000000,0.114014,493.000000,1208.000000,0.022005,0.933200,0.753900,26,0.143646,855.000000,2300.000000,0,2128493.000000,0.005252,0.321525,316,0,0.025148,1,0,85,0.388493,0.585021,0.784474,0.611507,30323.322188,333877.000157,2224770.896182,0.000000,0.000000,0.000000,5195072094.830985
-2650,1984800372.000000,0.001445,0.973833,0.000573,0.009051,0.000000,0.000000,0.196262,0.568351,0.991414,0.679505,0.528835,0.238744,0.232624,0.581631,0.000335,0.388766,0.109261,0.000037,0.000031,0.026167,0.779704,0.285554,0.163109,0.017934|0.043617|0.630872|0.266191|0.024380|0.017857,0.298882,0.680973,0.159022,0.234010,0.902442,1.000000,0.765990,667731.000000,30061831.400000,0.119828,489.000000,1207.100000,0.024362,0.937950,0.766520,25,0.135870,850.000000,2350.000000,0,2158168.250000,0.005627,0.319640,322,0,0.025968,5,0,89,0.388583,0.584047,0.783660,0.611417,25079.439234,348846.142229,2340172.958444,0.000000,0.000000,0.000000,5414118416.010682
-2600,2101066384.000000,0.001139,0.973841,0.000531,0.009095,0.000350,0.000000,0.197048,0.569861,1.000000,0.680525,0.524341,0.237268,0.233148,0.578799,0.000325,0.386908,0.109942,0.000037,0.000031,0.026159,0.782675,0.293080,0.168501,0.017930|0.042176|0.630544|0.268293|0.024126|0.017857,0.294922,0.686180,0.156812,0.233442,0.888256,1.000000,0.766558,640459.000000,29436427.800000,0.125622,493.000000,1227.600000,0.026052,0.937900,0.771160,25,0.132275,800.000000,2400.000000,1,2168764.500000,0.005179,0.334580,365,0,0.027481,6,0,109,0.391406,0.586972,0.779336,0.608594,28113.483062,364370.253633,2461590.264758,0.000000,0.000000,0.000000,5661217220.031815
-2550,2199103197.000000,0.000913,0.969534,0.000767,0.009245,0.000000,0.001214,0.199742,0.576502,1.000000,0.691081,0.550876,0.241289,0.231860,0.588185,0.000345,0.388965,0.108801,0.000037,0.000032,0.030466,0.779879,0.295271,0.171422,0.017927|0.040906|0.627255|0.273157|0.023910|0.017857,0.292629,0.689314,0.152478,0.235823,0.883991,1.000000,0.764177,628326.000000,29329507.000000,0.128741,493.000000,1224.000000,0.027554,0.933200,0.753700,25,0.130890,775.000000,2450.000000,0,2139669.500000,0.005059,0.326614,392,0,0.033499,2,0,92,0.390332,0.581378,0.782557,0.609668,17107.174357,366599.943575,2484637.151913,0.000000,0.000000,0.000000,5860737228.491650
-2500,2299853404.000000,0.000896,0.959867,0.001192,0.009227,0.000700,0.001708,0.196296,0.585622,1.000000,0.679666,0.546358,0.243998,0.236094,0.583819,0.000324,0.390060,0.109170,0.000042,0.000035,0.040133,0.774974,0.302460,0.177095,0.017923|0.040090|0.623453|0.277999|0.023792|0.017857,0.286559,0.696260,0.152499,0.240016,0.873701,1.000000,0.759984,672665.000000,28341019.000000,0.130872,502.000000,1242.000000,0.029210,0.929200,0.758600,25,0.130890,820.000000,2500.000000,2,2081717.000000,0.005036,0.311622,372,0,0.046150,1,0,102,0.391491,0.577334,0.788551,0.608509,14259.693444,372395.944797,2549258.684803,0.000000,0.000000,0.000000,6076470948.532176
-2450,2402400653.000000,0.000873,0.908190,0.002855,0.009064,0.000700,0.001596,0.190526,0.588788,1.000000,0.687057,0.557845,0.244092,0.235496,0.578469,0.000321,0.387618,0.109436,0.000044,0.000035,0.091810,0.774208,0.306392,0.179735,0.017920|0.039296|0.615101|0.287330|0.023670|0.017857,0.280607,0.702658,0.156881,0.240675,0.809239,0.915008,0.759325,637769.500000,28960808.800000,0.134648,500.500000,1240.200000,0.030680,0.935000,0.758900,24,0.125000,837.500000,2550.000000,2,2014125.750000,0.004898,0.306458,392,1,0.110282,1,0,101,0.396857,0.571527,0.785554,0.603143,9597.481238,363106.640113,2499951.287445,0.000000,0.000000,0.000000,6316584945.059865
-2400,2498620358.000000,0.000786,0.900512,0.003357,0.009019,0.000000,0.001023,0.189678,0.595006,1.000000,0.688193,0.549770,0.241682,0.238197,0.578803,0.000312,0.390941,0.113512,0.000047,0.000037,0.099488,0.769355,0.309818,0.182936,0.017919|0.038658|0.606872|0.296481|0.023394|0.017857,0.274792,0.709274,0.157736,0.244854,0.795640,0.907639,0.755146,669023.000000,29415234.600000,0.136540,526.000000,1243.600000,0.031864,0.939600,0.740420,23,0.119171,870.000000,2600.000000,0,1974556.750000,0.004725,0.528081,414,0,0.124291,1,0,88,0.401082,0.573957,0.789561,0.598918,6051.536811,370748.842090,2541028.972062,0.000000,0.000000,0.000000,6617656473.322007
-2350,2598258045.000000,0.000782,0.913722,0.002582,0.009152,0.000000,0.001070,0.190647,0.598184,1.000000,0.687935,0.562979,0.243085,0.237135,0.594233,0.000329,0.390655,0.110558,0.000046,0.000038,0.086278,0.820521,0.313581,0.186812,0.017918|0.037465|0.598883|0.305620|0.023475|0.017857,0.268046,0.716457,0.153676,0.244597,0.791615,0.932697,0.755403,647974.500000,29042952.300000,0.134776,514.000000,1242.600000,0.031573,0.934200,0.761700,23,0.116162,810.000000,2650.000000,0,1874142.625000,0.004471,0.783930,379,1,0.112086,5,0,96,0.401262,0.572490,0.788330,0.598738,16910.023049,405339.591329,2777415.261068,0.000000,0.000000,0.000000,7188029776.557942
-2300,2693489403.000000,0.000720,0.926658,0.002626,0.009190,0.000000,0.000000,0.180943,0.602421,1.000000,0.675692,0.553638,0.246988,0.238846,0.585136,0.000317,0.391585,0.110797,0.000047,0.000039,0.073342,0.819662,0.318524,0.192092,0.017918|0.037087|0.596091|0.309059|0.023274|0.017857,0.259502,0.725416,0.150887,0.245295,0.786344,0.950456,0.754705,650546.000000,26615384.000000,0.133417,499.000000,1244.000000,0.035205,0.938700,0.779200,22,0.109453,815.000000,2700.000000,0,1771259.250000,0.004342,0.868089,394,1,0.098774,4,0,104,0.404633,0.577443,0.785919,0.595367,36598.909664,443730.337479,2973248.386940,0.000000,0.000000,0.000000,7515939313.975789
-2250,2757341642.000000,0.000469,0.928405,0.002044,0.009069,0.000000,0.001427,0.177504,0.610663,1.000000,0.689694,0.559814,0.247755,0.240240,0.588833,0.000327,0.391528,0.111819,0.000046,0.000039,0.071595,0.815241,0.323804,0.197540,0.017918|0.036744|0.590910|0.314553|0.023398|0.017857,0.251809,0.733434,0.156987,0.247289,0.804049,0.950936,0.752711,648285.000000,25618911.000000,0.129191,502.000000,1280.000000,0.047551,0.932400,0.763900,22,0.109453,840.000000,2750.000000,0,1676004.875000,0.004221,0.886792,405,0,0.098706,0,0,95,0.405344,0.575647,0.791768,0.594656,20453.201634,448407.062152,2970971.446499,0.000000,0.000000,0.000000,7840682026.245562
-2200,2844267610.000000,0.000621,0.936280,0.002235,0.008963,0.000000,0.001704,0.176119,0.611932,1.000000,0.683419,0.543515,0.247680,0.239316,0.585147,0.000344,0.391889,0.111867,0.000049,0.000041,0.063720,0.812102,0.328690,0.204224,0.017916|0.036249|0.589083|0.317044|0.023344|0.017857,0.247820,0.737738,0.159977,0.249856,0.834063,0.954345,0.750144,620629.000000,26637887.000000,0.131878,502.000000,1280.000000,0.056570,0.932100,0.743300,22,0.109453,860.000000,2800.000000,0,1645348.125000,0.004059,0.730334,393,0,0.090618,0,0,100,0.408720,0.576210,0.789721,0.591280,24437.148854,470023.402283,3084964.109814,0.000000,0.000000,0.000000,8176682318.263658
-2150,2953463212.000000,0.000754,0.918837,0.001613,0.009069,0.000000,0.001544,0.182365,0.621047,1.000000,0.688192,0.545287,0.245481,0.239236,0.597873,0.000328,0.393316,0.112542,0.000050,0.000043,0.081163,0.799802,0.341384,0.215907,0.017914|0.035769|0.581117|0.326188|0.023119|0.017857,0.230041,0.756647,0.152251,0.251476,0.815157,0.932434,0.748524,681590.000000,27999110.000000,0.129023,500.500000,1267.000000,0.058121,0.933750,0.751600,21,0.101942,837.500000,2815.000000,0,1568509.125000,0.003890,0.966716,443,1,0.119857,5,0,102,0.410041,0.575448,0.787670,0.589959,47676.459670,509788.736823,3344827.618433,0.000000,0.000000,0.000000,8944334894.976028
-2100,3140499713.000000,0.001229,0.931399,0.001417,0.009183,0.000350,0.000000,0.179059,0.627121,1.000000,0.687450,0.527586,0.245314,0.240027,0.586520,0.000296,0.391858,0.115293,0.000049,0.000044,0.068601,0.799330,0.348349,0.226241,0.017912|0.034868|0.577615|0.330201|0.022921|0.017857,0.219789,0.766788,0.152213,0.247808,0.818166,0.941835,0.752192,693206.500000,29516795.600000,0.129713,515.000000,1278.200000,0.059308,0.945300,0.752230,21,0.100000,830.000000,2837.000000,1,1547426.250000,0.003635,1.219858,412,1,0.107720,4,0,103,0.413553,0.579351,0.790808,0.586447,71670.698938,564101.794525,3719875.398089,0.000000,0.000000,0.000000,9409071620.173996
-2050,3319876122.000000,0.001112,0.960083,0.001067,0.009112,0.000000,0.001158,0.170396,0.629660,1.000000,0.684204,0.514628,0.251086,0.245444,0.589403,0.000288,0.395870,0.117258,0.000052,0.000046,0.039917,0.784579,0.354471,0.233375,0.017910|0.033890|0.570491|0.338587|0.022547|0.017857,0.208508,0.778974,0.145307,0.251282,0.867549,1.000000,0.748718,707897.000000,29561167.700000,0.133525,503.000000,1276.500000,0.057471,0.938650,0.740370,20,0.094340,837.500000,2864.500000,0,1588029.750000,0.003489,1.141313,391,0,0.066260,2,0,119,0.413981,0.587914,0.789214,0.586019,100542.751161,645221.004382,4119508.280150,0.000000,0.000000,0.000000,9815597223.256546
-2000,3433115449.000000,0.000671,0.970432,0.002099,0.008865,0.000700,0.001734,0.145152,0.638608,1.000000,0.685346,0.509808,0.251964,0.245808,0.589588,0.000284,0.392824,0.118164,0.000050,0.000048,0.029568,0.788302,0.362784,0.243541,0.017908|0.033544|0.556122|0.355034|0.022600|0.017857,0.199469,0.790227,0.148139,0.250416,0.893765,1.000000,0.749584,703744.500000,31625912.000000,0.139239,528.000000,1362.600000,0.055539,0.940050,0.722230,20,0.093458,880.000000,2913.500000,2,1785195.875000,0.003600,1.164794,414,0,0.050754,2,0,107,0.410150,0.592894,0.792058,0.589850,117587.511165,689240.472526,4265543.420371,0.000000,0.000000,0.000000,10367200422.387096
-1950,3433696784.000000,0.000003,0.972991,0.000909,0.008886,0.000000,0.001577,0.148019,0.644943,1.000000,0.666718,0.489909,0.254285,0.245366,0.570540,0.000291,0.390932,0.111656,0.000050,0.000043,0.027009,0.776070,0.372781,0.255167,0.017907|0.033180|0.537350|0.373723|0.022680|0.017857,0.189711,0.799455,0.139112,0.250420,0.901815,1.000000,0.749580,727788.000000,32367113.800000,0.151259,504.000000,1607.800000,0.053050,0.935600,0.722700,19,0.086758,915.000000,2956.000000,0,1681199.500000,0.003566,1.355790,451,0,0.046370,5,0,127,0.413516,0.591426,0.786760,0.586484,66030.472025,688565.589945,4122730.006939,0.000000,0.000000,0.000000,11491379719.938763
-1900,3560137933.000000,0.000723,0.974804,0.000600,0.009021,0.000000,0.000000,0.146811,0.653538,1.000000,0.678230,0.475973,0.253234,0.242209,0.573504,0.000275,0.392105,0.107857,0.000052,0.000043,0.025196,0.768046,0.379297,0.265783,0.017906|0.033081|0.529166|0.380550|0.022488|0.017857,0.183509,0.804066,0.141685,0.252138,0.912714,1.000000,0.747862,714488.000000,32904661.800000,0.161533,515.000000,1605.700000,0.052975,0.936450,0.697300,19,0.084821,932.500000,3005.000000,0,1882252.375000,0.003481,1.302087,448,0,0.044850,5,0,117,0.417625,0.587017,0.786708,0.582375,64292.722841,714217.222001,4267180.036908,0.000000,0.000000,0.000000,12610595732.229780
-1850,3700653076.000000,0.000775,0.956015,0.000835,0.009061,0.000000,0.000000,0.145768,0.653981,1.000000,0.677519,0.471566,0.255794,0.240530,0.567491,0.000266,0.393786,0.109544,0.000054,0.000043,0.043985,0.764991,0.384239,0.269434,0.017904|0.032577|0.516914|0.392898|0.022405|0.017857,0.175675,0.811604,0.142488,0.254790,0.865461,0.991959,0.745210,754845.500000,32302266.000000,0.171804,515.000000,1670.500000,0.052043,0.933000,0.735800,19,0.084071,925.000000,3055.000000,0,1866316.000000,0.003385,1.174620,490,0,0.081386,2,0,116,0.420671,0.581463,0.785510,0.579329,41693.829218,784365.142457,4637426.745387,0.000000,0.000000,0.000000,13319304255.132498
-1800,3882672553.000000,0.000961,0.967563,0.000725,0.008953,0.000000,0.002001,0.152250,0.659610,1.000000,0.670357,0.485857,0.255729,0.240540,0.577315,0.000264,0.393300,0.105113,0.000053,0.000042,0.032437,0.767539,0.386936,0.271961,0.017902|0.031796|0.513492|0.397035|0.022321|0.017857,0.169052,0.818647,0.139958,0.254249,0.881629,1.000000,0.745751,776001.500000,34876472.400000,0.180332,512.500000,1555.600000,0.051419,0.928750,0.710640,19,0.082609,937.500000,3105.000000,0,1867913.875000,0.003238,1.239412,484,0,0.062970,4,0,139,0.420329,0.587387,0.788266,0.579671,44754.180638,740708.942904,4454057.288658,0.000000,0.000000,0.000000,13877445324.729561
-1750,4021209068.000000,0.000701,0.971272,0.000628,0.008892,0.000700,0.002183,0.155322,0.663734,1.000000,0.677086,0.480375,0.255243,0.240192,0.583221,0.000271,0.391880,0.108204,0.000055,0.000042,0.028728,0.764422,0.390980,0.276286,0.017898|0.031434|0.503241|0.407787|0.022216|0.017857,0.164471,0.823527,0.140202,0.255375,0.902547,1.000000,0.744625,755319.000000,34457839.600000,0.186032,511.000000,1575.400000,0.048709,0.930900,0.711540,19,0.080169,960.000000,3155.000000,2,1864890.500000,0.003113,1.327164,475,0,0.057760,7,0,133,0.420408,0.583553,0.784825,0.579592,52970.947273,782745.941211,4727882.304705,0.000000,0.000000,0.000000,14678669845.840260
-1700,4116274567.000000,0.000467,0.961447,0.001240,0.008982,0.000000,0.000000,0.150911,0.667461,1.000000,0.674946,0.476311,0.255202,0.241777,0.572603,0.000257,0.391505,0.108514,0.000058,0.000044,0.038553,0.762077,0.395810,0.282071,0.017896|0.030994|0.492025|0.419583|0.022102|0.017857,0.160106,0.828328,0.136457,0.257420,0.883847,1.000000,0.742580,743876.000000,35894331.800000,0.193675,504.000000,1615.400000,0.047715,0.936700,0.699420,19,0.079498,990.000000,3205.000000,0,1835145.750000,0.003016,1.237372,516,1,0.079348,2,0,141,0.425884,0.580321,0.786010,0.574116,22588.095796,765494.183422,4516465.837565,0.000000,0.000000,0.000000,15038035502.851433
-1650,4179623463.000000,0.000305,0.928823,0.002229,0.009063,0.000000,0.004468,0.145027,0.674586,1.000000,0.667467,0.490530,0.258163,0.241244,0.563003,0.000240,0.389949,0.101998,0.000057,0.000045,0.071177,0.761973,0.401314,0.287800,0.017894|0.030853|0.483741|0.427943|0.022111|0.017857,0.158186,0.830172,0.138205,0.257511,0.816058,0.948862,0.742489,770955.000000,35355940.000000,0.193202,511.000000,1615.800000,0.047474,0.924400,0.684260,19,0.076923,990.000000,3250.000000,0,1849444.000000,0.002902,1.282257,541,0,0.148746,8,0,152,0.423704,0.572228,0.785099,0.576296,7294.866241,743002.508375,4355113.788292,0.000000,0.000000,0.000000,16382217956.698048
-1600,4221252193.000000,0.000198,0.897591,0.003373,0.008981,0.000000,0.000000,0.144252,0.684223,1.000000,0.676298,0.483808,0.253092,0.242214,0.561804,0.000238,0.392583,0.105810,0.000056,0.000047,0.102409,0.759325,0.406987,0.292912,0.017893|0.030904|0.482352|0.429421|0.021977|0.017857,0.158258,0.830321,0.140198,0.259829,0.796169,0.901721,0.740171,746236.000000,37329181.600000,0.192928,523.500000,1588.400000,0.047743,0.938700,0.721430,19,0.076613,1010.000000,3300.000000,0,1933615.375000,0.002900,1.156347,529,1,0.216148,2,0,150,0.428081,0.572177,0.792570,0.571919,2426.141769,716017.119452,4224175.303194,0.000000,0.000000,0.000000,17078939815.290506
-1550,4204242387.000000,-0.000081,0.889492,0.004475,0.008732,0.000000,0.001541,0.113683,0.687555,1.000000,0.667012,0.492690,0.252337,0.242718,0.545906,0.000243,0.392062,0.105237,0.000048,0.000049,0.110508,0.756605,0.409122,0.293923,0.017892|0.030959|0.486182|0.425412|0.022097|0.017857,0.157622,0.830623,0.142647,0.262216,0.766838,0.892216,0.737784,757207.000000,40742901.000000,0.165061,521.000000,1577.000000,0.049925,0.931700,0.691700,18,0.071713,1035.000000,3315.000000,0,1912979.750000,0.003066,1.338721,523,0,0.232302,3,0,153,0.422301,0.571946,0.792654,0.577699,2728.525298,730649.595506,4091662.139684,0.000000,0.000000,0.000000,17829195570.319614
-1500,4158605468.000000,-0.000218,0.903890,0.003515,0.008780,0.000000,0.000896,0.115882,0.703369,1.000000,0.671121,0.498525,0.253695,0.242094,0.558844,0.000221,0.391092,0.099225,0.000046,0.000045,0.096110,0.755801,0.413446,0.297854,0.017893|0.031174|0.483916|0.427296|0.022252|0.017857,0.156864,0.831009,0.143246,0.262925,0.778599,0.910883,0.737075,793380.500000,41526718.500000,0.149201,523.500000,1596.000000,0.050239,0.930900,0.701450,18,0.070312,1077.500000,3365.000000,0,1921599.875000,0.002999,1.427825,525,0,0.199843,7,0,143,0.420963,0.572950,0.790043,0.579037,14498.615008,748967.042073,4212007.545036,0.000000,0.000000,0.000000,19130515918.689548
-1450,4209195005.000000,0.000242,0.932473,0.002360,0.008926,0.000000,0.001043,0.117648,0.716348,1.000000,0.680732,0.488236,0.253516,0.243219,0.579383,0.000209,0.393057,0.101873,0.000045,0.000043,0.067527,0.754134,0.414626,0.298360,0.017892|0.031225|0.482032|0.429057|0.022331|0.017857,0.154547,0.833309,0.136637,0.264395,0.813752,0.962907,0.735605,824095.000000,41807546.400000,0.144316,533.000000,1422.800000,0.050478,0.937200,0.710260,18,0.068441,1090.000000,3309.000000,0,1889988.000000,0.002931,1.471413,514,0,0.142118,7,0,129,0.423994,0.577225,0.788320,0.576006,16939.427425,781510.658672,4402332.277804,0.000000,0.000000,0.000000,20377739696.781124
-1400,4202162301.000000,-0.000033,0.914394,0.002618,0.008912,0.000000,0.001740,0.113659,0.715465,1.000000,0.663301,0.475525,0.254412,0.242872,0.553698,0.000204,0.388516,0.102986,0.000047,0.000044,0.085606,0.753619,0.416536,0.302235,0.017891|0.031000|0.478859|0.432337|0.022461|0.017857,0.153719,0.834131,0.139307,0.264850,0.797750,0.926002,0.735150,779851.000000,40762263.400000,0.143571,530.000000,1462.200000,0.050198,0.927000,0.716460,18,0.067416,1080.000000,3287.000000,0,1825591.875000,0.002907,1.328624,599,0,0.179866,4,0,180,0.417950,0.572341,0.787388,0.582050,15823.958035,776527.258260,4368268.159861,0.000000,0.000000,0.000000,21384806426.540497
-1350,4235946870.000000,0.000160,0.911206,0.002967,0.008789,0.000000,0.002629,0.118239,0.720554,1.000000,0.667680,0.494842,0.260512,0.243929,0.554531,0.000206,0.390536,0.098850,0.000047,0.000043,0.088794,0.750441,0.417996,0.304651,0.017890|0.031157|0.480355|0.430791|0.022367|0.017857,0.152070,0.835791,0.138900,0.267662,0.788987,0.924703,0.732338,825629.500000,39646585.100000,0.139017,535.000000,1481.500000,0.049914,0.932650,0.698850,18,0.067164,1130.000000,3319.000000,0,1790663.375000,0.002908,1.625351,588,0,0.188064,2,0,163,0.422469,0.572959,0.790228,0.577531,15986.255012,766004.940262,4359692.828534,0.000000,0.000000,0.000000,21856955985.611534
-1300,4339609401.000000,0.000484,0.912137,0.002645,0.008750,0.000000,0.002303,0.118284,0.724446,1.000000,0.666746,0.513013,0.258629,0.245174,0.558236,0.000197,0.394908,0.102963,0.000046,0.000043,0.087863,0.748614,0.418389,0.303640,0.017889|0.031147|0.479664|0.431551|0.022281|0.017857,0.151987,0.835920,0.141441,0.269284,0.797156,0.926951,0.730716,811951.000000,40626576.300000,0.139884,535.000000,1381.500000,0.049791,0.937100,0.706420,18,0.066176,1170.000000,3315.000000,0,1760973.250000,0.002797,1.737000,583,0,0.190646,4,0,151,0.421701,0.575649,0.790167,0.578299,18886.938702,790375.640873,4494371.893723,0.000000,0.000000,0.000000,22587893943.572811
-1250,4429560349.000000,0.000410,0.933816,0.001955,0.008888,0.000000,0.001913,0.121347,0.729968,1.000000,0.670251,0.511268,0.260705,0.246343,0.569553,0.000193,0.395880,0.102187,0.000045,0.000041,0.066184,0.745607,0.419962,0.306111,0.017888|0.031071|0.481029|0.430253|0.022262|0.017857,0.152065,0.835990,0.143125,0.271963,0.826661,0.959030,0.728037,829085.000000,39745676.800000,0.136067,533.000000,1360.000000,0.049571,0.938000,0.724680,18,0.065455,1180.000000,3365.000000,0,1839622.500000,0.002855,1.501164,557,0,0.146583,3,0,142,0.424724,0.580582,0.789261,0.575276,37194.967463,829254.489443,4801520.363322,0.000000,0.000000,0.000000,23120849877.873264
-1200,4455743122.000000,0.000118,0.967338,0.000939,0.008972,0.000700,0.001655,0.124054,0.729464,1.000000,0.672844,0.529635,0.261424,0.248979,0.574407,0.000203,0.394438,0.110901,0.000045,0.000041,0.032662,0.755959,0.421254,0.307010,0.017887|0.030706|0.475800|0.435801|0.022319|0.017857,0.152306,0.835846,0.148465,0.270948,0.886880,1.000000,0.729052,804013.000000,39216914.000000,0.134424,530.000000,1345.000000,0.049535,0.938000,0.739300,18,0.064057,1190.000000,3415.000000,2,1828189.125000,0.002828,1.624615,605,0,0.072767,6,0,165,0.424910,0.587415,0.789793,0.575090,73796.400582,881863.254594,5144255.828091,0.000000,0.000000,0.000000,24128652323.022358
-1150,4444755967.000000,-0.000049,0.975270,0.000686,0.008884,0.000000,0.000000,0.128681,0.737351,1.000000,0.677652,0.510100,0.257540,0.247361,0.584606,0.000178,0.392845,0.104174,0.000045,0.000039,0.024730,0.752258,0.422545,0.310155,0.017887|0.030376|0.474650|0.437196|0.022420|0.017857,0.151710,0.836574,0.140649,0.270208,0.909230,1.000000,0.729792,828340.500000,38215933.300000,0.134316,519.500000,1328.800000,0.049236,0.943650,0.767300,17,0.058621,1167.500000,3450.000000,0,1810250.000000,0.002868,1.642686,637,1,0.054960,9,0,179,0.427062,0.592982,0.787947,0.572939,87099.450198,907797.541609,5351483.570340,0.000000,0.000000,0.000000,26184168027.343910
-1100,4452194807.000000,0.000033,0.971079,0.001101,0.008786,0.000700,0.001542,0.130705,0.746023,1.000000,0.671358,0.495647,0.258831,0.247093,0.569308,0.000169,0.393095,0.099759,0.000046,0.000040,0.028921,0.749572,0.423051,0.310717,0.017887|0.030544|0.475606|0.436151|0.022346|0.017857,0.150832,0.837382,0.142599,0.272588,0.883936,1.000000,0.727412,822695.000000,39286211.000000,0.133242,518.000000,1327.000000,0.049155,0.936600,0.748600,17,0.058419,1190.000000,3500.000000,2,1828615.375000,0.002846,1.512747,659,0,0.064382,1,0,169,0.425277,0.589146,0.790221,0.574723,53718.228531,862361.406216,5052533.074937,0.000000,0.000000,0.000000,26745271331.658577
-1050,4474120886.000000,0.000098,0.962260,0.000993,0.008865,0.000000,0.000000,0.131730,0.745793,1.000000,0.681264,0.493136,0.259134,0.246671,0.577286,0.000156,0.393458,0.098017,0.000048,0.000041,0.037740,0.756102,0.424231,0.311391,0.017887|0.030771|0.474331|0.437265|0.022261|0.017857,0.150916,0.837327,0.144626,0.272485,0.871803,1.000000,0.727515,798604.000000,38830023.500000,0.133499,519.500000,1299.000000,0.048813,0.946000,0.769550,16,0.054054,1122.500000,3412.500000,0,1755969.000000,0.002838,2.273130,622,0,0.084426,5,0,171,0.426134,0.584076,0.791656,0.573866,35867.791526,850582.510481,4984526.984799,0.000000,0.000000,0.000000,27457020989.969147
-1000,4487164356.000000,0.000058,0.956625,0.001475,0.008999,0.000000,0.002132,0.133056,0.748176,1.000000,0.668534,0.483610,0.259477,0.247173,0.562433,0.000162,0.393969,0.097238,0.000048,0.000041,0.043375,0.770126,0.424905,0.311896,0.017888|0.030660|0.474234|0.437480|0.022283|0.017857,0.150638,0.837740,0.144661,0.271868,0.868224,0.994395,0.728132,812408.500000,38381036.200000,0.132075,519.500000,1316.500000,0.048705,0.937800,0.749890,16,0.053691,1102.500000,3429.500000,0,1842001.625000,0.002854,2.155440,657,0,0.097316,3,0,169,0.425248,0.583123,0.791119,0.574752,33118.128747,839854.587097,4961070.418929,0.000000,0.000000,0.000000,27742731835.282509
-950,4501983548.000000,0.000066,0.963324,0.000997,0.008969,0.000000,0.000000,0.135338,0.758787,1.000000,0.669786,0.484471,0.264255,0.246837,0.566377,0.000162,0.396081,0.097718,0.000049,0.000041,0.036676,0.759960,0.426309,0.316895,0.017889|0.030616|0.470185|0.441460|0.022387|0.017857,0.151378,0.836691,0.144188,0.272881,0.861501,1.000000,0.727119,825836.000000,39929358.400000,0.131108,514.500000,1286.000000,0.048196,0.947100,0.771070,16,0.052632,1030.000000,3389.500000,0,1904794.250000,0.002862,2.190127,660,0,0.082558,6,0,176,0.428769,0.585568,0.791726,0.571231,37917.303296,866428.100163,5080297.511234,0.000000,0.000000,0.000000,29254534226.127087
-900,4526484888.000000,0.000109,0.964644,0.001151,0.008830,0.000000,0.000000,0.135732,0.762945,1.000000,0.677070,0.498564,0.267123,0.246752,0.570724,0.000160,0.396624,0.096522,0.000049,0.000041,0.035356,0.758811,0.427432,0.317906,0.017889|0.030404|0.468925|0.442858|0.022446|0.017857,0.150552,0.837449,0.145967,0.273890,0.873617,1.000000,0.726110,803041.500000,39397447.700000,0.130636,499.000000,1283.900000,0.047905,0.949400,0.771680,16,0.051948,1070.000000,3385.500000,0,1865409.375000,0.002878,2.791949,683,0,0.080018,6,0,172,0.428222,0.587111,0.796022,0.571778,34922.401140,853496.829107,5069031.073480,0.000000,0.000000,0.000000,30171014959.077618
-850,4509823566.000000,-0.000074,0.959035,0.001413,0.008827,0.000000,0.000000,0.135266,0.766695,1.000000,0.674000,0.492549,0.267583,0.245901,0.557742,0.000160,0.397582,0.097961,0.000050,0.000042,0.040965,0.756602,0.428499,0.319479,0.017890|0.030547|0.470360|0.441251|0.022490|0.017857,0.149112,0.838710,0.145752,0.275830,0.878904,0.987023,0.724170,773263.000000,37884440.000000,0.128324,493.000000,1281.600000,0.047654,0.948900,0.774880,16,0.051118,1050.000000,3385.000000,0,1868776.500000,0.002925,2.468670,714,0,0.092373,5,0,177,0.426293,0.582151,0.795275,0.573707,22565.039687,838777.929182,4927238.111122,0.000000,0.000000,0.000000,30615252462.357819
-800,4549678677.000000,0.000176,0.924694,0.002481,0.008959,0.001400,0.005758,0.133871,0.768333,1.000000,0.675993,0.507654,0.268223,0.246947,0.562740,0.000147,0.396201,0.096210,0.000054,0.000044,0.075306,0.794822,0.429566,0.319310,0.017890|0.030336|0.470872|0.441074|0.022391|0.017857,0.148432,0.839628,0.145873,0.273644,0.819943,0.937736,0.726356,780238.000000,38615854.200000,0.129418,482.000000,1274.800000,0.047395,0.939300,0.764960,16,0.050473,1020.000000,3415.000000,4,1833981.750000,0.002899,2.611630,737,0,0.171308,4,0,232,0.422988,0.579509,0.795896,0.577012,9619.530723,795715.132305,4718558.705211,0.000000,0.000000,0.000000,30959110821.465008
-750,4557831470.000000,0.000036,0.899805,0.003846,0.009000,0.000000,0.000000,0.134706,0.773460,1.000000,0.690245,0.520004,0.268683,0.246785,0.576762,0.000144,0.397597,0.099439,0.000053,0.000044,0.100195,0.792971,0.431083,0.320883,0.017891|0.030282|0.471020|0.440945|0.022435|0.017857,0.150222,0.837719,0.151291,0.275197,0.804313,0.901895,0.724803,774333.500000,38899831.300000,0.128105,479.000000,1253.800000,0.047070,0.952300,0.785870,16,0.049689,1005.000000,3444.500000,0,1819983.875000,0.002878,2.583911,688,0,0.228335,6,0,204,0.422212,0.578456,0.798367,0.577788,2600.507208,761238.583617,4519640.001277,0.000000,0.000000,0.000000,31990901075.260757
-700,4615761932.000000,0.000253,0.895495,0.002719,0.008889,0.000000,0.001042,0.138665,0.778631,1.000000,0.689169,0.530522,0.270083,0.246569,0.583036,0.000148,0.399577,0.101246,0.000051,0.000044,0.104505,0.792721,0.432768,0.322905,0.017893|0.030155|0.469617|0.442378|0.022520|0.017857,0.150079,0.837875,0.151836,0.275406,0.776537,0.901136,0.724594,773009.500000,38465849.100000,0.128115,479.000000,1253.400000,0.046841,0.943450,0.772590,16,0.049383,982.500000,3493.500000,0,1937956.875000,0.002887,2.707139,679,0,0.241185,2,0,203,0.424489,0.579298,0.803713,0.575511,6729.311987,788964.540089,4725276.048965,0.000000,0.000000,0.000000,32219573688.195118
-650,4668668604.000000,0.000228,0.909887,0.003032,0.008808,0.000000,0.000000,0.137203,0.785140,1.000000,0.685441,0.527367,0.269831,0.246313,0.576652,0.000151,0.399834,0.103502,0.000052,0.000044,0.090113,0.791799,0.433498,0.323635,0.017893|0.030226|0.469489|0.442609|0.022320|0.017857,0.148626,0.839404,0.154274,0.276182,0.795673,0.923917,0.723818,772948.500000,38951634.400000,0.128011,471.500000,1252.600000,0.046773,0.948550,0.796300,16,0.048780,985.000000,3541.500000,0,1880776.625000,0.002830,2.687554,687,0,0.210354,4,0,172,0.426875,0.580677,0.803009,0.573125,7324.933990,799324.741911,4745143.596337,0.000000,0.000000,0.000000,32931048401.363235
-600,4652563390.000000,-0.000069,0.916024,0.002466,0.008931,0.000000,0.000000,0.141132,0.793908,1.000000,0.684090,0.524935,0.273400,0.246722,0.579453,0.000146,0.397295,0.101193,0.000052,0.000044,0.083976,0.800371,0.434228,0.324815,0.017895|0.030262|0.469068|0.442878|0.022439|0.017857,0.148876,0.838949,0.155413,0.273915,0.793918,0.934370,0.726085,791519.000000,38111605.800000,0.125649,471.500000,1250.300000,0.046525,0.951700,0.807840,16,0.048193,950.000000,3588.000000,0,2013810.750000,0.002894,2.739054,698,0,0.195351,4,0,190,0.425561,0.579421,0.798663,0.574439,12152.830471,800263.391988,4822367.067222,0.000000,0.000000,0.000000,34207542084.503914
-550,4654865463.000000,0.000010,0.905081,0.003149,0.009031,0.000000,0.001564,0.139565,0.795330,1.000000,0.678892,0.519164,0.278991,0.247159,0.570424,0.000137,0.397333,0.099430,0.000055,0.000045,0.094919,0.796681,0.434846,0.325938,0.017896|0.030503|0.468461|0.443063|0.022638|0.017857,0.149191,0.838356,0.157835,0.276989,0.787465,0.915427,0.723011,732749.000000,38376549.400000,0.127594,473.000000,1249.600000,0.046386,0.945500,0.782040,16,0.048048,985.000000,3636.000000,0,1923919.875000,0.002846,2.727882,743,0,0.220917,3,0,195,0.425725,0.578692,0.799952,0.574275,6899.629944,787906.801127,4713022.253818,0.000000,0.000000,0.000000,33934464459.848598
-500,4681957120.000000,0.000116,0.897020,0.003367,0.008947,0.000000,0.002217,0.138036,0.797802,1.000000,0.681658,0.529156,0.280583,0.246295,0.568779,0.000140,0.397682,0.102096,0.000054,0.000045,0.102980,0.818766,0.436194,0.327286,0.017897|0.030376|0.465784|0.445917|0.022601|0.017857,0.148709,0.838907,0.156936,0.276629,0.790624,0.903039,0.723371,791668.500000,37647515.600000,0.126486,471.500000,1246.100000,0.046162,0.946000,0.786810,16,0.047337,980.000000,3676.000000,0,1976832.000000,0.002847,2.697405,751,0,0.241073,5,0,214,0.426593,0.576814,0.801958,0.573407,10719.161679,789297.499288,4732086.674206,0.000000,0.000000,0.000000,35448108828.793037
-450,4715620986.000000,0.000143,0.909048,0.002967,0.008831,0.000000,0.000957,0.140461,0.803312,1.000000,0.684178,0.553531,0.278834,0.247593,0.578682,0.000142,0.400873,0.105623,0.000055,0.000046,0.090952,0.810286,0.437711,0.328578,0.017898|0.030505|0.467124|0.444426|0.022598|0.017857,0.148276,0.839260,0.159224,0.280180,0.799628,0.918508,0.719820,816735.000000,38593241.800000,0.124956,470.000000,1246.000000,0.045978,0.948200,0.796160,15,0.044248,1015.000000,3712.000000,0,1932404.875000,0.002877,2.828469,722,0,0.214446,1,0,191,0.425484,0.580989,0.802401,0.574516,14133.124477,802240.605431,4828656.629117,0.000000,0.000000,0.000000,35726412697.790390
-400,4743102794.000000,0.000116,0.928776,0.002009,0.008881,0.000700,0.000000,0.142593,0.806068,1.000000,0.686109,0.513989,0.275872,0.248671,0.578752,0.000135,0.400847,0.108262,0.000056,0.000046,0.071224,0.785157,0.437991,0.329083,0.017898|0.030364|0.465432|0.446224|0.022617|0.017857,0.148702,0.838808,0.157577,0.281052,0.802866,0.955461,0.718948,768082.000000,38451791.700000,0.127070,468.000000,1243.700000,0.045824,0.954000,0.812460,15,0.043605,1052.500000,3701.500000,2,2027068.625000,0.002875,3.011685,739,0,0.168911,5,0,204,0.425973,0.582608,0.799268,0.574027,41057.168227,856945.464628,5143958.350191,0.000000,0.000000,0.000000,36636305054.913094
-350,4735155266.000000,-0.000034,0.966459,0.000814,0.009021,0.000700,0.001378,0.142994,0.811702,1.000000,0.686577,0.534251,0.280581,0.252563,0.592755,0.000136,0.403015,0.110465,0.000055,0.000046,0.033541,0.751079,0.439283,0.332004,0.017899|0.030532|0.466715|0.444804|0.022571|0.017857,0.148359,0.839041,0.159191,0.282023,0.879667,1.000000,0.717977,755068.000000,37673625.400000,0.125747,465.000000,1211.000000,0.045729,0.952000,0.799460,15,0.043228,1085.000000,3693.000000,2,1955542.625000,0.002871,2.752873,754,0,0.079411,3,0,196,0.427754,0.593642,0.801198,0.572246,71094.886563,904276.459309,5484549.370228,0.000000,0.000000,0.000000,36887005618.318146
-300,4730022862.000000,-0.000022,0.962370,0.001111,0.009025,0.000700,0.001698,0.143728,0.814955,1.000000,0.680577,0.533805,0.279573,0.248924,0.577898,0.000131,0.400334,0.107695,0.000058,0.000047,0.037630,0.750208,0.439339,0.332903,0.017899|0.030407|0.466221|0.445237|0.022771|0.017857,0.147163,0.840121,0.158125,0.282796,0.869149,1.000000,0.717204,721245.500000,36698591.300000,0.124458,451.500000,1194.500000,0.045724,0.945400,0.800450,15,0.042857,1057.500000,3684.500000,2,1973450.625000,0.002874,2.648393,765,1,0.088994,3,0,203,0.426529,0.590420,0.798258,0.573471,38766.927069,872461.134041,5251913.491112,0.000000,0.000000,0.000000,37458722879.673042
-250,4680108378.000000,-0.000212,0.962177,0.001177,0.008893,0.000000,0.002649,0.144754,0.818504,1.000000,0.686987,0.512006,0.274412,0.246706,0.580140,0.000133,0.400820,0.105069,0.000061,0.000049,0.037823,0.749350,0.439620,0.332397,0.017899|0.030563|0.467699|0.443644|0.022743|0.017857,0.147416,0.839754,0.161331,0.283559,0.874638,0.998409,0.716441,733161.000000,37437099.000000,0.125714,457.000000,1189.000000,0.045656,0.949300,0.801700,15,0.042735,1045.000000,3715.000000,0,1987684.125000,0.002882,2.585483,793,0,0.088508,2,0,246,0.433575,0.585773,0.796056,0.566425,39414.317300,871581.305906,5209873.111117,0.000000,0.000000,0.000000,37687559950.562538
-200,4718628353.000000,0.000164,0.961023,0.001314,0.008845,0.000000,0.001348,0.143096,0.826876,1.000000,0.681778,0.518185,0.280474,0.248317,0.578459,0.000130,0.402291,0.105665,0.000059,0.000048,0.038977,0.746993,0.439901,0.332678,0.017899|0.030721|0.468604|0.442672|0.022666|0.017857,0.147891,0.839330,0.162057,0.285656,0.861628,0.998542,0.714344,727295.000000,36536329.000000,0.124687,456.000000,1186.800000,0.045588,0.947800,0.800560,15,0.042493,1080.000000,3757.000000,0,1960405.500000,0.002906,2.814060,767,0,0.091958,2,0,181,0.429081,0.588823,0.800699,0.570919,29506.765738,851274.477944,5155835.378352,0.000000,0.000000,0.000000,37993255775.530640
-150,4735328763.000000,0.000071,0.961388,0.001081,0.008982,0.000000,0.000000,0.145446,0.828731,1.000000,0.679523,0.516965,0.277620,0.246744,0.582619,0.000133,0.401713,0.103804,0.000060,0.000049,0.038612,0.744397,0.441474,0.333240,0.017899|0.030726|0.466014|0.445187|0.022739|0.017857,0.148524,0.838651,0.162226,0.287973,0.873694,0.999100,0.712027,741447.500000,36697637.500000,0.126159,451.500000,1174.500000,0.045464,0.958450,0.815250,15,0.042135,1072.500000,3795.000000,0,1986917.375000,0.002954,2.654660,799,0,0.091421,3,0,225,0.434246,0.588230,0.802020,0.565754,22433.495425,858852.126854,5166796.541380,0.000000,0.000000,0.000000,38751450014.427704
-100,4741923863.000000,0.000028,0.965497,0.001065,0.009054,0.000000,0.001207,0.144656,0.835918,1.000000,0.683955,0.516029,0.282998,0.249301,0.581338,0.000131,0.401260,0.105973,0.000060,0.000049,0.034503,0.742258,0.442260,0.335486,0.017899|0.030564|0.468157|0.443207|0.022735|0.017857,0.147790,0.839516,0.163192,0.289888,0.879581,1.000000,0.710112,754008.000000,37302415.600000,0.125649,456.000000,1173.800000,0.045331,0.952000,0.797180,15,0.042017,1100.000000,3841.000000,0,1990288.125000,0.002897,2.776862,789,0,0.081805,1,0,212,0.434826,0.591352,0.803163,0.565174,44860.205253,891976.629716,5371347.942017,0.000000,0.000000,0.000000,39204740007.467239
-50,4687053946.000000,-0.000233,0.953600,0.000966,0.008947,0.000700,0.001645,0.144175,0.845202,1.000000,0.678741,0.528355,0.280060,0.246378,0.576282,0.000130,0.401932,0.104952,0.000062,0.000050,0.046400,0.741036,0.442541,0.336610,0.017899|0.030945|0.465957|0.445018|0.022748|0.017857,0.148892,0.838115,0.166285,0.289282,0.863590,0.999701,0.710718,737972.000000,35907280.800000,0.127183,446.000000,1180.200000,0.045203,0.948500,0.799440,15,0.041783,1135.000000,3883.000000,2,1999662.375000,0.002922,2.538388,830,0,0.108739,2,0,202,0.433404,0.588866,0.800299,0.566596,25016.401111,868189.943153,5178150.514459,0.000000,0.000000,0.000000,39753780965.810257
0,4670197342.000000,-0.000072,0.943117,0.001907,0.008834,0.000000,0.003535,0.142450,0.851581,1.000000,0.672414,0.518534,0.273327,0.247252,0.567022,0.000130,0.401216,0.103899,0.000063,0.000051,0.056883,0.735583,0.442766,0.338126,0.017899|0.030634|0.467725|0.443634|0.022686|0.017857,0.147691,0.839451,0.166353,0.294187,0.846927,0.964057,0.705813,779869.000000,35387290.500000,0.126517,446.000000,1179.100000,0.045158,0.948600,0.797830,15,0.041667,1157.500000,3929.000000,0,1961470.375000,0.002910,2.708958,821,0,0.132826,2,0,247,0.436134,0.581939,0.799455,0.563866,10844.015636,815042.388936,4921352.338706,0.000000,0.000000,0.000000,40473407054.493172
50,4669013136.000000,-0.000005,0.894216,0.002885,0.008908,0.000000,0.007903,0.142855,0.854421,1.000000,0.680307,0.521964,0.275611,0.248687,0.571661,0.000124,0.403181,0.104678,0.000065,0.000052,0.105784,0.731875,0.442990,0.337733,0.017899|0.030739|0.470221|0.441032|0.022688|0.017857,0.148176,0.838899,0.168374,0.297548,0.781090,0.904660,0.702452,726319.000000,36158962.000000,0.126934,446.000000,1178.000000,0.045139,0.948000,0.800500,15,0.041551,1205.000000,3975.000000,0,1964901.375000,0.002893,2.287492,800,0,0.246953,3,0,229,0.440914,0.579220,0.804895,0.559086,3876.168663,785343.213385,4752115.802405,0.000000,0.000000,0.000000,40479580360.452538
100,4726725821.000000,0.000246,0.889138,0.003417,0.009031,0.000001,0.001214,0.142790,0.861722,1.000000,0.690801,0.553999,0.272941,0.248195,0.582896,0.000127,0.406061,0.106157,0.000064,0.000051,0.110862,0.788968,0.443608,0.337284,0.017898|0.030625|0.468799|0.442501|0.022781|0.017857,0.147397,0.839752,0.171651,0.297393,0.755868,0.900722,0.702607,743058.500000,37893694.900000,0.127767,446.500000,1177.100000,0.045077,0.955950,0.806230,15,0.041436,1197.500000,4023.500000,0,1949362.250000,0.002866,2.922939,806,0,0.262007,3,0,206,0.440597,0.581270,0.811183,0.559403,5134.155578,775602.104844,4741593.213545,0.000000,0.000000,0.000000,40840690797.011932
150,4746528216.000000,0.000084,0.901232,0.003331,0.008996,0.000700,0.002944,0.143864,0.870711,1.000000,0.689015,0.540957,0.283177,0.248763,0.594454,0.000128,0.406151,0.105761,0.000064,0.000051,0.098768,0.788263,0.444001,0.338126,0.017899|0.030754|0.470315|0.440839|0.022793|0.017857,0.148448,0.838600,0.170604,0.297989,0.792217,0.908214,0.702011,719859.000000,36894298.900000,0.126125,446.500000,1175.300000,0.045082,0.958950,0.805710,15,0.041209,1225.000000,4070.500000,2,1992994.250000,0.002892,2.633349,763,0,0.234403,3,0,197,0.445108,0.582362,0.811482,0.554892,4538.922023,787823.841962,4765067.333197,0.000000,0.000000,0.000000,41366105385.244591
200,4746755411.000000,0.000001,0.912533,0.002731,0.008871,0.000000,0.000000,0.146602,0.879024,1.000000,0.696836,0.541581,0.279029,0.251080,0.592942,0.000134,0.406200,0.109823,0.000064,0.000052,0.087467,0.780030,0.446136,0.340429,0.017898|0.030827|0.468323|0.442735|0.022801|0.017857,0.148126,0.838877,0.173052,0.301979,0.790196,0.936055,0.698021,744991.500000,34031215.500000,0.126805,438.500000,1129.500000,0.044829,0.962000,0.833150,15,0.040984,1235.000000,4117.500000,0,1986596.875000,0.002898,2.776433,807,0,0.207591,3,0,210,0.446910,0.585123,0.811608,0.553090,8544.563541,797631.233468,4877885.525998,0.000000,0.000000,0.000000,41418751723.294144
250,4732674232.000000,-0.000059,0.902961,0.002822,0.008870,0.000000,0.001331,0.146385,0.882486,1.000000,0.694299,0.548792,0.283416,0.252694,0.592019,0.000130,0.408995,0.108216,0.000065,0.000051,0.097039,0.775481,0.446641,0.339755,0.017898|0.030740|0.467313|0.443958|0.022712|0.017857,0.148257,0.839000,0.175341,0.305867,0.802018,0.910466,0.694133,747206.000000,34699079.000000,0.126475,444.000000,1131.800000,0.044801,0.955700,0.818880,15,0.041096,1260.000000,4169.000000,0,1982182.750000,0.002912,2.811737,863,1,0.229627,0,0,208,0.449952,0.585503,0.812334,0.550048,9205.994431,788853.703749,4841072.955671,0.000000,0.000000,0.000000,41332119243.518059
300,4734048905.000000,0.000006,0.890870,0.003562,0.009010,0.000001,0.002805,0.146854,0.885826,1.000000,0.691324,0.551392,0.282469,0.252964,0.585896,0.000130,0.407392,0.108269,0.000066,0.000052,0.109130,0.774726,0.447091,0.339474,0.017899|0.030688|0.469142|0.442114|0.022768|0.017857,0.148019,0.839133,0.175997,0.306516,0.782034,0.895861,0.693484,737061.000000,35459300.200000,0.125789,433.000000,1131.800000,0.044816,0.957700,0.812840,15,0.041096,1300.000000,4219.000000,0,2001772.125000,0.002931,2.786492,847,0,0.258313,2,0,191,0.452939,0.583897,0.810979,0.547061,5338.051048,765308.878869,4725669.997186,0.000000,0.000000,0.000000,41572742743.002769
350,4760260515.000000,0.000110,0.884099,0.003269,0.009055,0.000001,0.001493,0.148268,0.894260,1.000000,0.689214,0.572322,0.278920,0.252612,0.597398,0.000127,0.407886,0.107934,0.000065,0.000052,0.115901,0.772645,0.447147,0.338856,0.017899|0.030413|0.470531|0.440953|0.022830|0.017857,0.148830,0.838141,0.179105,0.308306,0.765972,0.894296,0.691694,773979.000000,36939232.200000,0.126308,432.000000,1127.200000,0.044789,0.960600,0.819320,15,0.040872,1325.000000,4266.000000,0,1969872.125000,0.002916,2.685722,840,0,0.275860,2,0,232,0.454502,0.584660,0.811629,0.545498,7995.693383,772512.029631,4802331.273059,0.000000,0.000000,0.000000,42238536315.212685
400,4823140505.000000,0.000262,0.913977,0.002658,0.008920,0.000000,0.001003,0.146447,0.901196,1.000000,0.703917,0.572565,0.280977,0.253572,0.604027,0.000132,0.409926,0.110498,0.000064,0.000052,0.086023,0.767902,0.448158,0.340766,0.017899|0.030622|0.467775|0.443444|0.022853|0.017857,0.148338,0.838554,0.177553,0.310975,0.795053,0.930273,0.689025,738527.000000,36943003.800000,0.123910,446.000000,1118.000000,0.044593,0.963600,0.826780,15,0.040650,1350.000000,4313.000000,0,2017749.125000,0.002918,2.387963,753,0,0.207449,2,0,216,0.458272,0.588598,0.814019,0.541728,21158.693753,809287.072412,5009870.694014,0.000000,0.000000,0.000000,43433259491.821007
450,4823768920.000000,0.000003,0.938033,0.001807,0.008860,0.000000,0.001237,0.149837,0.914691,1.000000,0.700366,0.577843,0.280444,0.261312,0.601014,0.000130,0.412612,0.113402,0.000064,0.000053,0.061967,0.745085,0.448214,0.340822,0.017899|0.030461|0.468138|0.443156|0.022962|0.017857,0.149411,0.837499,0.179337,0.313873,0.811065,0.972081,0.686127,768413.000000,37344958.600000,0.123680,446.000000,1118.000000,0.044579,0.963300,0.829280,15,0.040650,1350.000000,4363.000000,0,2021984.000000,0.002906,2.654394,788,0,0.149457,0,0,216,0.461305,0.593872,0.813200,0.538695,43450.026732,836920.427119,5241712.312572,0.000000,0.000000,0.000000,43640048622.678917
500,4816186444.000000,-0.000031,0.954708,0.001079,0.008967,0.000000,0.001774,0.150001,0.917383,1.000000,0.694225,0.574968,0.281863,0.259054,0.597274,0.000135,0.411060,0.113789,0.000066,0.000053,0.045292,0.723394,0.448382,0.341609,0.017899|0.030397|0.469967|0.441520|0.022806|0.017857,0.149122,0.838043,0.181180,0.314685,0.855190,0.995182,0.685315,744567.000000,35168280.000000,0.125821,446.000000,1118.000000,0.044565,0.960200,0.825200,15,0.040650,1375.000000,4413.000000,0,1952707.625000,0.002895,2.751664,807,0,0.109067,0,0,241,0.463822,0.593689,0.812636,0.536178,66583.162015,885346.719284,5508042.718837,0.000000,0.000000,0.000000,43846673648.014915
550,4753787678.000000,-0.000261,0.951496,0.001417,0.009077,0.000000,0.001849,0.150469,0.928463,1.000000,0.689245,0.571668,0.286321,0.256868,0.592312,0.000132,0.410092,0.114715,0.000068,0.000054,0.048504,0.720723,0.448439,0.340261,0.017899|0.030700|0.469290|0.441813|0.022896|0.017857,0.149699,0.837205,0.183443,0.317147,0.840198,0.988015,0.682853,772551.000000,34775657.800000,0.125923,446.000000,1118.000000,0.044564,0.960500,0.824160,14,0.037940,1400.000000,4460.000000,0,2001040.250000,0.002960,2.510476,829,0,0.115288,0,0,217,0.464375,0.593295,0.810236,0.535624,42391.832004,849298.367123,5258199.546472,0.000000,0.000000,0.000000,44054277891.577766
600,4720657719.000000,-0.000140,0.958734,0.001120,0.008990,0.000000,0.001706,0.148065,0.937600,1.000000,0.696372,0.565631,0.284695,0.257015,0.594714,0.000134,0.411838,0.111274,0.000068,0.000055,0.041266,0.714756,0.448607,0.340710,0.017899|0.030888|0.467776|0.443192|0.022864|0.017857,0.150247,0.836734,0.185885,0.320608,0.865470,1.000000,0.679392,762065.000000,36831682.800000,0.127002,446.000000,1118.000000,0.044560,0.959300,0.821360,14,0.037940,1425.000000,4510.000000,0,1979981.875000,0.002992,2.560854,855,0,0.097400,0,0,242,0.466570,0.596922,0.812101,0.533430,23363.769932,826872.166821,5144921.055154,0.000000,0.000000,0.000000,44260125969.525497
650,4715911156.000000,-0.000020,0.951271,0.001318,0.008868,0.000000,0.000913,0.149441,0.945246,1.000000,0.694757,0.572318,0.285095,0.258383,0.596253,0.000131,0.413420,0.111783,0.000070,0.000055,0.048729,0.711792,0.448607,0.340935,0.017899|0.030804|0.466429|0.444518|0.022983|0.017857,0.149788,0.837117,0.189148,0.323373,0.860523,0.979200,0.676627,767274.000000,36538583.800000,0.129398,447.000000,1118.000000,0.044553,0.962200,0.825360,14,0.037940,1435.000000,4560.000000,0,1989620.000000,0.003000,2.977509,797,0,0.114900,0,0,216,0.471484,0.593224,0.813462,0.528516,27074.275424,831993.246340,5156540.527401,0.000000,0.000000,0.000000,44465586470.884590
700,4731377918.000000,0.000065,0.959602,0.001177,0.008901,0.000000,0.001249,0.148113,0.949905,1.000000,0.696410,0.579400,0.287849,0.260858,0.592140,0.000137,0.414617,0.112418,0.000069,0.000056,0.040398,0.709613,0.448776,0.341552,0.017900|0.030672|0.468401|0.442677|0.022966|0.017857,0.149514,0.837225,0.192168,0.325414,0.869706,0.997067,0.674586,759291.000000,37108857.000000,0.128314,447.000000,1118.000000,0.044519,0.962200,0.824860,14,0.037940,1465.000000,4610.000000,0,2007237.750000,0.003001,2.714922,786,0,0.095569,0,0,204,0.474101,0.597613,0.816215,0.525899,41002.313020,848653.841380,5271943.553327,0.000000,0.000000,0.000000,44668647154.675102
750,4739981432.000000,0.000036,0.965882,0.001021,0.009035,0.000000,0.001154,0.146875,0.957121,1.000000,0.704430,0.584703,0.286175,0.261389,0.610676,0.000133,0.414514,0.113602,0.000069,0.000056,0.034118,0.704771,0.449056,0.341777,0.017900|0.030788|0.469456|0.441422|0.023048|0.017857,0.148586,0.838069,0.194851,0.327352,0.880148,1.000000,0.672648,758869.000000,36313030.000000,0.127245,447.000000,1118.000000,0.044465,0.964300,0.833860,14,0.037940,1480.000000,4660.000000,0,2030675.000000,0.002990,2.885638,806,0,0.080859,0,0,222,0.477202,0.600485,0.816683,0.522798,39544.203057,852319.891758,5325969.719695,0.000000,0.000000,0.000000,44871337655.562935
800,4690778820.000000,-0.000209,0.956616,0.001351,0.009028,0.000000,0.002514,0.145531,0.964577,1.000000,0.696098,0.572842,0.288479,0.260698,0.597421,0.000143,0.414499,0.112653,0.000070,0.000057,0.043384,0.701735,0.449169,0.342226,0.017901|0.030685|0.470115|0.440962|0.022967|0.017857,0.148741,0.837871,0.195352,0.330224,0.862132,0.991288,0.669776,778248.000000,36344292.400000,0.127354,456.000000,1118.000000,0.044437,0.963500,0.834660,14,0.037940,1495.000000,4710.000000,0,2026541.000000,0.002969,2.526770,844,0,0.101753,0,0,231,0.480019,0.595789,0.817276,0.519981,33830.904822,845425.411438,5201033.935761,0.000000,0.000000,0.000000,45074773715.976723
850,4635536741.000000,-0.000237,0.945516,0.001901,0.008887,0.000000,0.002829,0.144544,0.971824,1.000000,0.692248,0.567730,0.286482,0.262379,0.582206,0.000133,0.413589,0.112924,0.000075,0.000058,0.054484,0.722448,0.449337,0.341552,0.017900|0.031033|0.468678|0.441961|0.023074|0.017857,0.149970,0.836476,0.200748,0.330211,0.855449,0.964997,0.669789,762583.000000,36297581.600000,0.129420,456.000000,1118.000000,0.044410,0.961800,0.831680,14,0.037940,1495.000000,4760.000000,0,1994463.125000,0.003030,2.889380,825,0,0.126280,0,0,223,0.481640,0.592581,0.815321,0.518360,9393.774857,790857.160068,4865026.791947,0.000000,0.000000,0.000000,45279716377.436798
900,4639789862.000000,0.000018,0.890881,0.003480,0.008843,0.000001,0.002194,0.144223,0.982959,1.000000,0.694606,0.575783,0.285880,0.261508,0.582690,0.000134,0.413929,0.112961,0.000077,0.000059,0.109119,0.717235,0.449393,0.341440,0.017900|0.031122|0.469445|0.441010|0.023184|0.017857,0.150471,0.836053,0.201317,0.335021,0.787375,0.896241,0.664979,774991.000000,35413472.200000,0.129511,456.000000,1118.000000,0.044402,0.962600,0.829660,14,0.037940,1520.000000,4810.000000,0,1995776.000000,0.003014,2.829480,798,0,0.253144,0,0,257,0.485067,0.589268,0.820787,0.514933,1852.180971,752020.311307,4630715.852922,0.000000,0.000000,0.000000,45483760551.685097
950,4666964660.000000,0.000117,0.887270,0.002950,0.008981,0.000001,0.001047,0.146590,0.988007,1.000000,0.700732,0.573471,0.289851,0.262338,0.592416,0.000136,0.415815,0.114670,0.000076,0.000059,0.112730,0.714775,0.449450,0.341440,0.017900|0.030794|0.467886|0.442825|0.023260|0.017857,0.150629,0.835728,0.203118,0.337308,0.773798,0.886217,0.662692,771518.000000,37272177.800000,0.130215,456.000000,1118.000000,0.044401,0.963700,0.831400,14,0.037940,1560.000000,4860.000000,0,2034467.125000,0.003036,2.804198,846,1,0.263052,0,0,212,0.487344,0.589075,0.822920,0.512656,3797.085451,764323.183775,4737114.506828,0.000000,0.000000,0.000000,45687957832.756165
1000,4725860801.000000,0.000251,0.904679,0.003021,0.009053,0.000000,0.000886,0.145724,0.992028,1.000000,0.695597,0.573087,0.286565,0.265196,0.584658,0.000134,0.417178,0.115901,0.000076,0.000059,0.095321,0.712078,0.449899,0.344024,0.017899|0.030861|0.470229|0.440632|0.023054|0.017857,0.150079,0.836480,0.204839,0.339823,0.800953,0.909843,0.660177,782593.000000,36679405.000000,0.130112,456.000000,1118.000000,0.044307,0.965800,0.837120,14,0.037940,1565.000000,4910.000000,0,1980651.000000,0.002994,2.759176,784,0,0.225236,0,0,204,0.489973,0.593761,0.821275,0.510027,8456.891266,775498.643243,4811525.780677,0.000000,0.000000,0.000000,45892947020.588509
1050,4709017911.000000,-0.000071,0.916685,0.002413,0.008945,0.000000,0.001321,0.145083,1.000000,1.000000,0.696208,0.560797,0.286707,0.264797,0.592816,0.000136,0.416607,0.116295,0.000076,0.000059,0.083315,0.711575,0.450011,0.344754,0.017900|0.030845|0.468187|0.442651|0.023092|0.017857,0.149454,0.837046,0.207926,0.340294,0.812130,0.929119,0.659706,790237.000000,35427601.600000,0.126470,457.000000,1118.000000,0.044267,0.963900,0.839360,14,0.037940,1590.000000,4960.000000,0,2017974.875000,0.003003,2.818994,810,0,0.196167,0,0,269,0.492725,0.592624,0.820226,0.507275,12047.737733,781602.204201,4892039.501508,0.000000,0.000000,0.000000,46098772273.801178
1100,4673410909.000000,-0.000152,0.906886,0.002918,0.008840,0.000000,0.002287,0.144919,1.000000,1.000000,0.697055,0.577089,0.293850,0.264750,0.592659,0.000137,0.417183,0.116327,0.000078,0.000060,0.093114,0.708546,0.450067,0.345540,0.017900|0.031018|0.470508|0.440009|0.023224|0.017857,0.150679,0.835461,0.208171,0.343132,0.799014,0.909715,0.656868,767035.000000,35458932.600000,0.130596,457.000000,1118.000000,0.044267,0.967100,0.834180,14,0.037940,1580.000000,5010.000000,0,1988792.000000,0.002999,2.719808,838,0,0.217581,0,0,233,0.496042,0.592107,0.823055,0.503958,5556.360210,769252.804610,4750280.821114,0.000000,0.000000,0.000000,46304158505.771294
1150,4681948787.000000,0.000037,0.887024,0.003432,0.008919,0.000001,0.002106,0.145813,1.000000,1.000000,0.692591,0.569618,0.290319,0.266795,0.585929,0.000137,0.417779,0.116281,0.000078,0.000061,0.112976,0.707959,0.450348,0.345428,0.017900|0.031266|0.469705|0.440608|0.023191|0.017857,0.150149,0.835936,0.212274,0.343684,0.788394,0.886432,0.656316,804384.000000,36869229.400000,0.129911,457.000000,1118.000000,0.044233,0.965000,0.826540,14,0.037940,1575.000000,5060.000000,0,2046196.000000,0.003059,2.894874,808,0,0.264474,0,0,219,0.498708,0.591376,0.822626,0.501292,6321.477135,754947.312775,4690360.234220,0.000000,0.000000,0.000000,46509139433.565323
1200,4678077855.000000,-0.000017,0.877397,0.003764,0.009032,0.000001,0.001584,0.143005,1.000000,1.000000,0.699169,0.563554,0.287332,0.267467,0.594723,0.000138,0.418042,0.116936,0.000078,0.000061,0.122603,0.704231,0.450461,0.343518,0.017900|0.031170|0.470014|0.440403|0.023178|0.017857,0.150001,0.836174,0.214258,0.347195,0.760247,0.885073,0.652805,789146.000000,36310285.800000,0.128867,457.000000,1118.000000,0.044226,0.965000,0.830540,14,0.037940,1600.000000,4866.000000,0,1986790.375000,0.003045,2.538740,816,0,0.286773,0,0,219,0.501433,0.591729,0.824556,0.498567,5918.759095,743161.780733,4647706.976537,0.000000,0.000000,0.000000,46713912516.392227
1250,4731881637.000000,0.000229,0.911003,0.002419,0.009010,0.000000,0.001121,0.146758,1.000000,1.000000,0.700966,0.581960,0.291627,0.270711,0.603015,0.000134,0.420939,0.120085,0.000077,0.000060,0.088997,0.700926,0.452089,0.345035,0.017900|0.031305|0.469507|0.440756|0.023190|0.017857,0.149473,0.836741,0.217871,0.350324,0.791836,0.927320,0.649676,795468.000000,35306330.200000,0.130801,457.000000,1128.200000,0.044042,0.969600,0.840140,14,0.037940,1595.000000,4916.000000,0,2052614.125000,0.003022,2.599125,724,0,0.210562,0,0,221,0.504721,0.597249,0.825052,0.495279,33051.429605,797393.896442,5021476.936983,0.000000,0.000000,0.000000,46920871779.666695
1300,4738668225.000000,0.000029,0.945382,0.001445,0.008879,0.000000,0.001671,0.148124,1.000000,1.000000,0.705903,0.579478,0.290904,0.275284,0.602864,0.000138,0.422154,0.125080,0.000076,0.000061,0.054618,0.693673,0.452089,0.344529,0.017900|0.031232|0.468619|0.441598|0.023305|0.017857,0.149551,0.836513,0.221062,0.351454,0.824331,0.983762,0.648546,810124.000000,36712309.600000,0.127245,457.000000,1128.200000,0.044042,0.969000,0.844120,14,0.037940,1605.000000,4966.000000,0,2017378.500000,0.003037,2.729908,769,0,0.129409,0,0,217,0.507000,0.600861,0.822812,0.493000,53889.798042,837817.158495,5304390.101990,0.000000,0.000000,0.000000,47130960931.500221
1350,4723770982.000000,-0.000063,0.955472,0.001447,0.008884,0.000000,0.002142,0.148896,1.000000,1.000000,0.691660,0.575202,0.291652,0.274258,0.589206,0.000136,0.421865,0.124707,0.000080,0.000062,0.044528,0.691464,0.452932,0.345147,0.017900|0.031083|0.469395|0.441156|0.023120|0.017857,0.149667,0.836683,0.220420,0.352020,0.851965,1.000000,0.647980,759931.000000,36973353.000000,0.128219,457.000000,1146.600000,0.043936,0.966100,0.831920,14,0.037940,1640.000000,5016.000000,0,2033986.375000,0.003042,2.677826,822,0,0.105170,0,0,265,0.509383,0.603066,0.821799,0.490617,46910.104578,830071.226685,5227946.615552,0.000000,0.000000,0.000000,47341352306.025848
1400,4683064420.000000,-0.000173,0.947260,0.001497,0.009024,0.000000,0.002249,0.149607,1.000000,1.000000,0.692582,0.589345,0.289830,0.271738,0.600148,0.000139,0.422969,0.121043,0.000081,0.000062,0.052740,0.687413,0.452932,0.344754,0.017900|0.031354|0.467145|0.443018|0.023233|0.017857,0.149771,0.836222,0.223165,0.355926,0.835567,0.984816,0.644074,774272.000000,35775217.200000,0.131441,457.000000,1146.600000,0.043936,0.966800,0.834920,14,0.037940,1690.000000,5066.000000,0,2022695.250000,0.003072,2.686645,785,0,0.123493,0,0,217,0.511062,0.600881,0.824208,0.488938,35076.229817,818357.732681,5144974.102744,0.000000,0.000000,0.000000,47551955342.141373
1450,4713124117.000000,0.000128,0.957780,0.001151,0.009061,0.000000,0.001306,0.149304,1.000000,1.000000,0.703785,0.577007,0.290070,0.272140,0.599740,0.000138,0.424472,0.119662,0.000082,0.000063,0.042220,0.678591,0.452932,0.343743,0.017899|0.031376|0.467095|0.442988|0.023292|0.017857,0.149184,0.836683,0.225273,0.358369,0.863350,0.998800,0.641631,762159.000000,34792852.800000,0.131169,457.000000,1146.600000,0.043935,0.966700,0.843480,14,0.037940,1725.000000,5116.000000,0,2034885.625000,0.003063,2.764359,816,0,0.099493,0,0,214,0.512579,0.603954,0.826012,0.487421,28878.661250,820549.133152,5158824.415543,0.000000,0.000000,0.000000,47762754894.404861
1500,4748058356.000000,0.000148,0.951405,0.001169,0.008935,0.000000,0.001407,0.149403,1.000000,1.000000,0.696045,0.571249,0.292804,0.273052,0.588724,0.000138,0.423481,0.119310,0.000084,0.000063,0.048595,0.674774,0.452932,0.343350,0.017900|0.031347|0.467454|0.442646|0.023302|0.017857,0.149537,0.836204,0.229781,0.361236,0.847864,0.991189,0.638764,791897.000000,35514709.200000,0.130620,457.000000,1146.600000,0.043935,0.968400,0.845320,14,0.037940,1745.000000,5166.000000,0,2044563.250000,0.003031,2.781141,764,0,0.115367,0,0,196,0.517020,0.603034,0.827339,0.482980,19305.833602,821384.538333,5143985.268307,0.000000,0.000000,0.000000,47974329550.842445
1550,4724318584.000000,-0.000100,0.956339,0.001178,0.008860,0.000000,0.001144,0.149615,1.000000,1.000000,0.696282,0.572812,0.290735,0.275941,0.598429,0.000135,0.424222,0.122997,0.000083,0.000063,0.043661,0.672273,0.453100,0.343968,0.017900|0.031313|0.467528|0.442661|0.023254|0.017857,0.149206,0.836774,0.232293,0.363632,0.859629,0.993687,0.636368,775252.000000,36812173.000000,0.131087,457.000000,1146.600000,0.043908,0.969600,0.843140,14,0.037940,1745.000000,5216.000000,0,2019147.750000,0.003032,2.698582,846,0,0.103135,0,0,250,0.520029,0.605306,0.827329,0.479971,51617.089161,847025.485324,5360468.829339,0.000000,0.000000,0.000000,48184486045.381432
1600,4727777059.000000,0.000015,0.959923,0.001246,0.008960,0.000000,0.001873,0.148553,1.000000,1.000000,0.703455,0.585372,0.292591,0.276924,0.612185,0.000143,0.426137,0.123396,0.000082,0.000063,0.040077,0.669506,0.453381,0.343237,0.017900|0.031360|0.469298|0.440855|0.023229|0.017857,0.149095,0.836886,0.235202,0.366376,0.855818,1.000000,0.633624,793119.000000,36285345.200000,0.128675,457.000000,1146.600000,0.043908,0.969100,0.852440,14,0.037940,1750.000000,5266.000000,0,2028794.125000,0.003025,2.919017,844,0,0.094737,0,0,209,0.523339,0.607197,0.829751,0.476661,52014.369151,845031.759731,5352852.268229,0.000000,0.000000,0.000000,48393964880.997704
1650,4697734559.000000,-0.000127,0.950010,0.001426,0.009066,0.000000,0.002591,0.148507,1.000000,1.000000,0.698212,0.575756,0.293876,0.274915,0.595847,0.000143,0.424388,0.121441,0.000086,0.000064,0.049990,0.667954,0.454055,0.344698,0.017900|0.031175|0.468664|0.441509|0.023437|0.017857,0.148800,0.837058,0.236277,0.367922,0.853249,0.984789,0.632078,811613.000000,35909318.000000,0.129859,457.000000,1146.600000,0.043861,0.968600,0.846180,14,0.037940,1800.000000,5316.000000,0,1984220.375000,0.003039,2.837903,876,0,0.117420,0,0,221,0.526891,0.602511,0.828616,0.473109,17232.444244,803754.525186,5071513.682222,0.000000,0.000000,0.000000,48605418888.961555
1700,4721680017.000000,0.000102,0.928932,0.001950,0.008993,0.000700,0.001679,0.149620,1.000000,1.000000,0.693567,0.572446,0.291311,0.275732,0.584885,0.000135,0.425078,0.122056,0.000087,0.000065,0.071068,0.666651,0.454280,0.346214,0.017899|0.031102|0.468966|0.441358|0.023360|0.017857,0.148236,0.837914,0.236974,0.369222,0.825375,0.946043,0.630778,782354.000000,35863101.800000,0.128876,457.000000,1146.600000,0.043822,0.968400,0.846380,14,0.037940,1840.000000,5366.000000,2,2022448.750000,0.002985,2.989893,786,0,0.167781,0,0,272,0.528093,0.601178,0.832911,0.471907,7356.286006,778515.554159,4958178.659638,0.000000,0.000000,0.000000,48815705160.923439
1750,4737269905.000000,0.000066,0.901693,0.003254,0.008866,0.000000,0.001485,0.149965,1.000000,1.000000,0.700650,0.573356,0.293131,0.278965,0.587473,0.000137,0.425141,0.123540,0.000090,0.000066,0.098307,0.662643,0.454505,0.346888,0.017899|0.031238|0.470340|0.439972|0.023245|0.017857,0.148663,0.837495,0.240089,0.373230,0.779068,0.917249,0.626770,796592.000000,35061996.400000,0.130322,457.000000,1146.600000,0.043809,0.968600,0.853200,14,0.037940,1820.000000,5416.000000,0,1976383.375000,0.003017,2.642513,874,0,0.232855,0,0,212,0.529580,0.600436,0.834327,0.470420,1749.175095,744838.310839,4748705.893686,0.000000,0.000000,0.000000,49025216167.442848
1800,4730094921.000000,-0.000030,0.904243,0.003162,0.008902,0.000000,0.001103,0.148996,1.000000,1.000000,0.697165,0.575014,0.293731,0.277476,0.585485,0.000140,0.426525,0.123681,0.000090,0.000067,0.095757,0.658961,0.454505,0.345765,0.017900|0.030947|0.469023|0.441425|0.023382|0.017857,0.148740,0.837381,0.243876,0.376935,0.785295,0.914858,0.623065,793101.000000,35299517.400000,0.129323,457.000000,1146.600000,0.043809,0.969800,0.852520,14,0.037940,1810.000000,5466.000000,0,2001282.250000,0.003007,2.682254,811,0,0.226470,0,0,250,0.533063,0.601517,0.835654,0.466937,5695.306426,753980.688151,4784870.041283,0.000000,0.000000,0.000000,49233900341.871849
1850,4712153037.000000,-0.000076,0.906861,0.002729,0.009046,0.000000,0.001177,0.150316,1.000000,1.000000,0.702319,0.582429,0.293939,0.280605,0.599576,0.000138,0.428218,0.125367,0.000089,0.000066,0.093139,0.657640,0.454505,0.344136,0.017900|0.031263|0.470327|0.439818|0.023391|0.017857,0.148895,0.837038,0.245012,0.378271,0.784620,0.914114,0.621729,803674.000000,34664004.800000,0.131972,457.000000,1146.600000,0.043808,0.972000,0.852660,14,0.037940,1810.000000,5516.000000,0,2024978.625000,0.003019,2.811348,808,0,0.219442,0,0,193,0.535526,0.601587,0.835454,0.464474,7653.565041,763027.660530,4844172.332010,0.000000,0.000000,0.000000,49442242049.930740
1900,4703343998.000000,-0.000037,0.919722,0.002465,0.009046,0.000000,0.001613,0.150449,1.000000,1.000000,0.697096,0.579043,0.293711,0.281773,0.588927,0.000140,0.429231,0.126818,0.000088,0.000066,0.080278,0.655700,0.454842,0.345035,0.017900|0.031572|0.468742|0.441193|0.023283|0.017857,0.149648,0.836252,0.248016,0.380238,0.819166,0.931349,0.619762,789580.000000,36277077.800000,0.132555,457.000000,1146.600000,0.043757,0.970400,0.859920,14,0.037940,1855.000000,5566.000000,0,2020549.250000,0.003062,2.736325,811,0,0.188787,0,0,182,0.540110,0.600582,0.835332,0.459890,11232.302430,766173.547224,4882594.951377,0.000000,0.000000,0.000000,49649819020.331078
1950,4729643032.000000,0.000112,0.894471,0.003060,0.008907,0.000000,0.002814,0.150458,1.000000,1.000000,0.699940,0.575467,0.293761,0.280553,0.587586,0.000142,0.427042,0.125487,0.000089,0.000067,0.105529,0.653526,0.454842,0.343181,0.017899|0.031228|0.471229|0.438919|0.023420|0.017857,0.148765,0.837102,0.250620,0.382448,0.790805,0.899481,0.617552,776506.000000,35830791.000000,0.128893,457.000000,1146.600000,0.043756,0.970300,0.851960,14,0.037940,1905.000000,5616.000000,0,1987976.250000,0.003011,2.886181,801,0,0.249557,0,0,225,0.543846,0.601825,0.834542,0.456154,6732.508897,747417.383136,4793508.169177,0.000000,0.000000,0.000000,49858324524.459526
2000,4750770942.000000,0.000089,0.883850,0.003579,0.008865,0.000001,0.001552,0.149946,1.000000,1.000000,0.702258,0.576860,0.290577,0.280631,0.594886,0.000143,0.429641,0.125733,0.000091,0.000067,0.116150,0.650768,0.455066,0.342957,0.017899|0.031167|0.470408|0.439854|0.023366|0.017857,0.148497,0.837488,0.251846,0.385261,0.766173,0.890091,0.614739,780327.000000,36266698.400000,0.132034,457.000000,1170.800000,0.043730,0.970100,0.845320,14,0.037940,1940.000000,5666.000000,0,2004415.375000,0.003014,2.620871,820,0,0.275901,0,0,263,0.543845,0.600096,0.838092,0.456155,2620.316351,739275.932957,4718147.593558,0.000000,0.000000,0.000000,50069936019.791176
2025,4763176362.000000,0.000104,0.966442,0.001212,0.008938,0.000000,0.001857,0.154281,1.000000,1.000000,0.700387,0.576560,0.294119,0.283232,0.596856,0.000142,0.429983,0.128260,0.000089,0.000067,0.033558,0.648405,0.455347,0.343631,0.017898|0.031421|0.467831|0.442148|0.023365|0.017857,0.147937,0.837876,0.253453,0.387682,0.874738,1.000000,0.612318,805078.000000,35224488.400000,0.129804,457.000000,1170.800000,0.043698,0.972300,0.848260,14,0.037940,1960.000000,5691.000000,0,2028781.375000,0.003078,2.753360,310,0,0.039960,0,0,72,0.547881,0.612083,0.835796,0.452119,29142.850117,819817.285254,5250101.533207,0.000000,0.000000,0.000000,50175315444.638878
